{
  "polygons" : "true",
  "field" : "golden",
  "symmetry" : "icosahedral",
  "orientations" : [ [ 1.0, 0.0, 0.0, 0.0, 0.0, 1.0, 0.0, 0.0, 0.0, 0.0, 1.0, 0.0, 0.0, 0.0, 0.0, 1.0 ], [ 0.0, 0.0, 1.0, 0.0, 1.0, 0.0, 0.0, 0.0, 0.0, 1.0, 0.0, 0.0, 0.0, 0.0, 0.0, 1.0 ], [ 0.0, 1.0, 0.0, 0.0, 0.0, 0.0, 1.0, 0.0, 1.0, 0.0, 0.0, 0.0, 0.0, 0.0, 0.0, 1.0 ], [ 0.809017, 0.309017, 0.5, 0.0, 0.309017, 0.5, -0.809017, 0.0, -0.5, 0.809017, 0.309017, 0.0, 0.0, 0.0, 0.0, 1.0 ], [ -0.5, 0.809017, 0.309017, 0.0, 0.809017, 0.309017, 0.5, 0.0, 0.309017, 0.5, -0.809017, 0.0, 0.0, 0.0, 0.0, 1.0 ], [ 0.309017, 0.5, -0.809017, 0.0, -0.5, 0.809017, 0.309017, 0.0, 0.809017, 0.309017, 0.5, 0.0, 0.0, 0.0, 0.0, 1.0 ], [ 0.5, 0.809017, 0.309017, 0.0, 0.809017, -0.309017, -0.5, 0.0, -0.309017, 0.5, -0.809017, 0.0, 0.0, 0.0, 0.0, 1.0 ], [ -0.309017, 0.5, -0.809017, 0.0, 0.5, 0.809017, 0.309017, 0.0, 0.809017, -0.309017, -0.5, 0.0, 0.0, 0.0, 0.0, 1.0 ], [ 0.809017, -0.309017, -0.5, 0.0, -0.309017, 0.5, -0.809017, 0.0, 0.5, 0.809017, 0.309017, 0.0, 0.0, 0.0, 0.0, 1.0 ], [ 0.5, 0.809017, -0.309017, 0.0, 0.809017, -0.309017, 0.5, 0.0, 0.309017, -0.5, -0.809017, 0.0, 0.0, 0.0, 0.0, 1.0 ], [ 0.309017, -0.5, -0.809017, 0.0, 0.5, 0.809017, -0.309017, 0.0, 0.809017, -0.309017, 0.5, 0.0, 0.0, 0.0, 0.0, 1.0 ], [ 0.809017, -0.309017, 0.5, 0.0, 0.309017, -0.5, -0.809017, 0.0, 0.5, 0.809017, -0.309017, 0.0, 0.0, 0.0, 0.0, 1.0 ], [ 0.809017, 0.309017, -0.5, 0.0, 0.309017, 0.5, 0.809017, 0.0, 0.5, -0.809017, 0.309017, 0.0, 0.0, 0.0, 0.0, 1.0 ], [ 0.5, -0.809017, 0.309017, 0.0, 0.809017, 0.309017, -0.5, 0.0, 0.309017, 0.5, 0.809017, 0.0, 0.0, 0.0, 0.0, 1.0 ], [ 0.309017, 0.5, 0.809017, 0.0, 0.5, -0.809017, 0.309017, 0.0, 0.809017, 0.309017, -0.5, 0.0, 0.0, 0.0, 0.0, 1.0 ], [ 1.0, 0.0, 0.0, 0.0, 0.0, -1.0, 0.0, 0.0, 0.0, 0.0, -1.0, 0.0, 0.0, 0.0, 0.0, 1.0 ], [ 0.0, 0.0, 1.0, 0.0, -1.0, 0.0, 0.0, 0.0, 0.0, -1.0, 0.0, 0.0, 0.0, 0.0, 0.0, 1.0 ], [ 0.0, 1.0, 0.0, 0.0, 0.0, 0.0, -1.0, 0.0, -1.0, 0.0, 0.0, 0.0, 0.0, 0.0, 0.0, 1.0 ], [ 0.809017, 0.309017, 0.5, 0.0, -0.309017, -0.5, 0.809017, 0.0, 0.5, -0.809017, -0.309017, 0.0, 0.0, 0.0, 0.0, 1.0 ], [ -0.5, 0.809017, 0.309017, 0.0, -0.809017, -0.309017, -0.5, 0.0, -0.309017, -0.5, 0.809017, 0.0, 0.0, 0.0, 0.0, 1.0 ], [ 0.309017, 0.5, -0.809017, 0.0, 0.5, -0.809017, -0.309017, 0.0, -0.809017, -0.309017, -0.5, 0.0, 0.0, 0.0, 0.0, 1.0 ], [ 0.5, 0.809017, 0.309017, 0.0, -0.809017, 0.309017, 0.5, 0.0, 0.309017, -0.5, 0.809017, 0.0, 0.0, 0.0, 0.0, 1.0 ], [ -0.309017, 0.5, -0.809017, 0.0, -0.5, -0.809017, -0.309017, 0.0, -0.809017, 0.309017, 0.5, 0.0, 0.0, 0.0, 0.0, 1.0 ], [ 0.809017, -0.309017, -0.5, 0.0, 0.309017, -0.5, 0.809017, 0.0, -0.5, -0.809017, -0.309017, 0.0, 0.0, 0.0, 0.0, 1.0 ], [ 0.5, 0.809017, -0.309017, 0.0, -0.809017, 0.309017, -0.5, 0.0, -0.309017, 0.5, 0.809017, 0.0, 0.0, 0.0, 0.0, 1.0 ], [ 0.309017, -0.5, -0.809017, 0.0, -0.5, -0.809017, 0.309017, 0.0, -0.809017, 0.309017, -0.5, 0.0, 0.0, 0.0, 0.0, 1.0 ], [ 0.809017, -0.309017, 0.5, 0.0, -0.309017, 0.5, 0.809017, 0.0, -0.5, -0.809017, 0.309017, 0.0, 0.0, 0.0, 0.0, 1.0 ], [ 0.809017, 0.309017, -0.5, 0.0, -0.309017, -0.5, -0.809017, 0.0, -0.5, 0.809017, -0.309017, 0.0, 0.0, 0.0, 0.0, 1.0 ], [ 0.5, -0.809017, 0.309017, 0.0, -0.809017, -0.309017, 0.5, 0.0, -0.309017, -0.5, -0.809017, 0.0, 0.0, 0.0, 0.0, 1.0 ], [ 0.309017, 0.5, 0.809017, 0.0, -0.5, 0.809017, -0.309017, 0.0, -0.809017, -0.309017, 0.5, 0.0, 0.0, 0.0, 0.0, 1.0 ], [ -1.0, 0.0, 0.0, 0.0, 0.0, -1.0, 0.0, 0.0, 0.0, 0.0, 1.0, 0.0, 0.0, 0.0, 0.0, 1.0 ], [ 0.0, 0.0, -1.0, 0.0, -1.0, 0.0, 0.0, 0.0, 0.0, 1.0, 0.0, 0.0, 0.0, 0.0, 0.0, 1.0 ], [ 0.0, -1.0, 0.0, 0.0, 0.0, 0.0, -1.0, 0.0, 1.0, 0.0, 0.0, 0.0, 0.0, 0.0, 0.0, 1.0 ], [ -0.809017, -0.309017, -0.5, 0.0, -0.309017, -0.5, 0.809017, 0.0, -0.5, 0.809017, 0.309017, 0.0, 0.0, 0.0, 0.0, 1.0 ], [ 0.5, -0.809017, -0.309017, 0.0, -0.809017, -0.309017, -0.5, 0.0, 0.309017, 0.5, -0.809017, 0.0, 0.0, 0.0, 0.0, 1.0 ], [ -0.309017, -0.5, 0.809017, 0.0, 0.5, -0.809017, -0.309017, 0.0, 0.809017, 0.309017, 0.5, 0.0, 0.0, 0.0, 0.0, 1.0 ], [ -0.5, -0.809017, -0.309017, 0.0, -0.809017, 0.309017, 0.5, 0.0, -0.309017, 0.5, -0.809017, 0.0, 0.0, 0.0, 0.0, 1.0 ], [ 0.309017, -0.5, 0.809017, 0.0, -0.5, -0.809017, -0.309017, 0.0, 0.809017, -0.309017, -0.5, 0.0, 0.0, 0.0, 0.0, 1.0 ], [ -0.809017, 0.309017, 0.5, 0.0, 0.309017, -0.5, 0.809017, 0.0, 0.5, 0.809017, 0.309017, 0.0, 0.0, 0.0, 0.0, 1.0 ], [ -0.5, -0.809017, 0.309017, 0.0, -0.809017, 0.309017, -0.5, 0.0, 0.309017, -0.5, -0.809017, 0.0, 0.0, 0.0, 0.0, 1.0 ], [ -0.309017, 0.5, 0.809017, 0.0, -0.5, -0.809017, 0.309017, 0.0, 0.809017, -0.309017, 0.5, 0.0, 0.0, 0.0, 0.0, 1.0 ], [ -0.809017, 0.309017, -0.5, 0.0, -0.309017, 0.5, 0.809017, 0.0, 0.5, 0.809017, -0.309017, 0.0, 0.0, 0.0, 0.0, 1.0 ], [ -0.809017, -0.309017, 0.5, 0.0, -0.309017, -0.5, -0.809017, 0.0, 0.5, -0.809017, 0.309017, 0.0, 0.0, 0.0, 0.0, 1.0 ], [ -0.5, 0.809017, -0.309017, 0.0, -0.809017, -0.309017, 0.5, 0.0, 0.309017, 0.5, 0.809017, 0.0, 0.0, 0.0, 0.0, 1.0 ], [ -0.309017, -0.5, -0.809017, 0.0, -0.5, 0.809017, -0.309017, 0.0, 0.809017, 0.309017, -0.5, 0.0, 0.0, 0.0, 0.0, 1.0 ], [ -1.0, 0.0, 0.0, 0.0, 0.0, 1.0, 0.0, 0.0, 0.0, 0.0, -1.0, 0.0, 0.0, 0.0, 0.0, 1.0 ], [ 0.0, 0.0, -1.0, 0.0, 1.0, 0.0, 0.0, 0.0, 0.0, -1.0, 0.0, 0.0, 0.0, 0.0, 0.0, 1.0 ], [ 0.0, -1.0, 0.0, 0.0, 0.0, 0.0, 1.0, 0.0, -1.0, 0.0, 0.0, 0.0, 0.0, 0.0, 0.0, 1.0 ], [ -0.809017, -0.309017, -0.5, 0.0, 0.309017, 0.5, -0.809017, 0.0, 0.5, -0.809017, -0.309017, 0.0, 0.0, 0.0, 0.0, 1.0 ], [ 0.5, -0.809017, -0.309017, 0.0, 0.809017, 0.309017, 0.5, 0.0, -0.309017, -0.5, 0.809017, 0.0, 0.0, 0.0, 0.0, 1.0 ], [ -0.309017, -0.5, 0.809017, 0.0, -0.5, 0.809017, 0.309017, 0.0, -0.809017, -0.309017, -0.5, 0.0, 0.0, 0.0, 0.0, 1.0 ], [ -0.5, -0.809017, -0.309017, 0.0, 0.809017, -0.309017, -0.5, 0.0, 0.309017, -0.5, 0.809017, 0.0, 0.0, 0.0, 0.0, 1.0 ], [ 0.309017, -0.5, 0.809017, 0.0, 0.5, 0.809017, 0.309017, 0.0, -0.809017, 0.309017, 0.5, 0.0, 0.0, 0.0, 0.0, 1.0 ], [ -0.809017, 0.309017, 0.5, 0.0, -0.309017, 0.5, -0.809017, 0.0, -0.5, -0.809017, -0.309017, 0.0, 0.0, 0.0, 0.0, 1.0 ], [ -0.5, -0.809017, 0.309017, 0.0, 0.809017, -0.309017, 0.5, 0.0, -0.309017, 0.5, 0.809017, 0.0, 0.0, 0.0, 0.0, 1.0 ], [ -0.309017, 0.5, 0.809017, 0.0, 0.5, 0.809017, -0.309017, 0.0, -0.809017, 0.309017, -0.5, 0.0, 0.0, 0.0, 0.0, 1.0 ], [ -0.809017, 0.309017, -0.5, 0.0, 0.309017, -0.5, -0.809017, 0.0, -0.5, -0.809017, 0.309017, 0.0, 0.0, 0.0, 0.0, 1.0 ], [ -0.809017, -0.309017, 0.5, 0.0, 0.309017, 0.5, 0.809017, 0.0, -0.5, 0.809017, -0.309017, 0.0, 0.0, 0.0, 0.0, 1.0 ], [ -0.5, 0.809017, -0.309017, 0.0, 0.809017, 0.309017, -0.5, 0.0, -0.309017, -0.5, -0.809017, 0.0, 0.0, 0.0, 0.0, 1.0 ], [ -0.309017, -0.5, -0.809017, 0.0, 0.5, -0.809017, 0.309017, 0.0, -0.809017, -0.309017, 0.5, 0.0, 0.0, 0.0, 0.0, 1.0 ] ],
  "lights" : {
    "backgroundColor" : "#000066",
    "ambientColor" : "#292929",
    "directionalLights" : [ {
      "direction" : [ 1.0, -1.0, -1.0 ],
      "color" : "#EBEBE4"
    }, {
      "direction" : [ -1.0, 0.0, 0.0 ],
      "color" : "#E4E4EB"
    }, {
      "direction" : [ 0.0, 0.0, -1.0 ],
      "color" : "#1E1E1E"
    } ]
  },
  "camera" : {
    "stereo" : false,
    "width" : 108.89366,
    "lookDirection" : {
      "x" : 0.3568221,
      "y" : 0.93417233,
      "z" : 0.0
    },
    "upDirection" : {
      "x" : -0.0,
      "y" : 0.0,
      "z" : 0.99999994
    },
    "lookAtPoint" : {
      "x" : 0.0,
      "y" : 0.0,
      "z" : 0.0
    },
    "viewDistance" : 241.98589,
    "nearClipDistance" : 0.6049646,
    "farClipDistance" : 483.9717,
    "fieldOfView" : 0.44262892,
    "perspective" : true,
    "position" : {
      "x" : -86.34591,
      "y" : -226.05652,
      "z" : 0.0
    }
  },
  "embedding" : [ 1.0, 0.0, 0.0, 0.0, 0.0, 1.0, 0.0, 0.0, 0.0, 0.0, 1.0, 0.0, 0.0, 0.0, 0.0, 1.0 ],
  "shapes" : [ {
    "id" : "1a649297-fbf7-4d6d-bf8e-9ed7993dcdd8",
    "name" : "ball",
    "vertices" : [ {
      "x" : 0.309017,
      "y" : -0.809017,
      "z" : 0.618034
    }, {
      "x" : 0.809017,
      "y" : -0.618034,
      "z" : 0.309017
    }, {
      "x" : 0.618034,
      "y" : -0.309017,
      "z" : 0.809017
    }, {
      "x" : 1.0,
      "y" : 0.309017,
      "z" : 0.19098301
    }, {
      "x" : 0.809017,
      "y" : 0.618034,
      "z" : 0.309017
    }, {
      "x" : 0.618034,
      "y" : 0.309017,
      "z" : 0.809017
    }, {
      "x" : 0.809017,
      "y" : 0.0,
      "z" : 0.690983
    }, {
      "x" : 0.19098301,
      "y" : -1.0,
      "z" : 0.309017
    }, {
      "x" : -0.19098301,
      "y" : -1.0,
      "z" : 0.309017
    }, {
      "x" : -0.19098301,
      "y" : -1.0,
      "z" : -0.309017
    }, {
      "x" : 0.19098301,
      "y" : -1.0,
      "z" : -0.309017
    }, {
      "x" : 1.0,
      "y" : -0.309017,
      "z" : -0.19098301
    }, {
      "x" : 0.809017,
      "y" : -0.618034,
      "z" : -0.309017
    }, {
      "x" : 0.618034,
      "y" : -0.309017,
      "z" : -0.809017
    }, {
      "x" : 0.809017,
      "y" : 0.0,
      "z" : -0.690983
    }, {
      "x" : 0.0,
      "y" : 0.690983,
      "z" : -0.809017
    }, {
      "x" : 0.309017,
      "y" : 0.809017,
      "z" : -0.618034
    }, {
      "x" : 0.618034,
      "y" : 0.309017,
      "z" : -0.809017
    }, {
      "x" : 0.309017,
      "y" : 0.19098301,
      "z" : -1.0
    }, {
      "x" : 1.0,
      "y" : 0.309017,
      "z" : -0.19098301
    }, {
      "x" : -0.309017,
      "y" : -0.809017,
      "z" : 0.618034
    }, {
      "x" : 0.0,
      "y" : -0.690983,
      "z" : 0.809017
    }, {
      "x" : 0.809017,
      "y" : 0.618034,
      "z" : -0.309017
    }, {
      "x" : 0.690983,
      "y" : 0.809017,
      "z" : 0.0
    }, {
      "x" : -0.690983,
      "y" : 0.809017,
      "z" : 0.0
    }, {
      "x" : -0.809017,
      "y" : 0.618034,
      "z" : 0.309017
    }, {
      "x" : -0.309017,
      "y" : 0.809017,
      "z" : 0.618034
    }, {
      "x" : -0.19098301,
      "y" : 1.0,
      "z" : 0.309017
    }, {
      "x" : 0.309017,
      "y" : -0.19098301,
      "z" : -1.0
    }, {
      "x" : 0.19098301,
      "y" : 1.0,
      "z" : 0.309017
    }, {
      "x" : 0.309017,
      "y" : 0.809017,
      "z" : 0.618034
    }, {
      "x" : -0.809017,
      "y" : -0.618034,
      "z" : 0.309017
    }, {
      "x" : -0.690983,
      "y" : -0.809017,
      "z" : 0.0
    }, {
      "x" : 0.0,
      "y" : 0.690983,
      "z" : 0.809017
    }, {
      "x" : 0.309017,
      "y" : -0.809017,
      "z" : -0.618034
    }, {
      "x" : 0.0,
      "y" : -0.690983,
      "z" : -0.809017
    }, {
      "x" : -1.0,
      "y" : 0.309017,
      "z" : 0.19098301
    }, {
      "x" : -0.809017,
      "y" : 0.0,
      "z" : 0.690983
    }, {
      "x" : -0.618034,
      "y" : 0.309017,
      "z" : 0.809017
    }, {
      "x" : 1.0,
      "y" : -0.309017,
      "z" : 0.19098301
    }, {
      "x" : -0.309017,
      "y" : -0.809017,
      "z" : -0.618034
    }, {
      "x" : -1.0,
      "y" : 0.309017,
      "z" : -0.19098301
    }, {
      "x" : -1.0,
      "y" : -0.309017,
      "z" : -0.19098301
    }, {
      "x" : -1.0,
      "y" : -0.309017,
      "z" : 0.19098301
    }, {
      "x" : 0.19098301,
      "y" : 1.0,
      "z" : -0.309017
    }, {
      "x" : -0.809017,
      "y" : 0.618034,
      "z" : -0.309017
    }, {
      "x" : -0.19098301,
      "y" : 1.0,
      "z" : -0.309017
    }, {
      "x" : -0.309017,
      "y" : 0.809017,
      "z" : -0.618034
    }, {
      "x" : -0.618034,
      "y" : -0.309017,
      "z" : 0.809017
    }, {
      "x" : 0.309017,
      "y" : 0.19098301,
      "z" : 1.0
    }, {
      "x" : -0.309017,
      "y" : 0.19098301,
      "z" : -1.0
    }, {
      "x" : -0.309017,
      "y" : 0.19098301,
      "z" : 1.0
    }, {
      "x" : -0.309017,
      "y" : -0.19098301,
      "z" : 1.0
    }, {
      "x" : 0.309017,
      "y" : -0.19098301,
      "z" : 1.0
    }, {
      "x" : 0.690983,
      "y" : -0.809017,
      "z" : 0.0
    }, {
      "x" : -0.809017,
      "y" : 0.0,
      "z" : -0.690983
    }, {
      "x" : -0.618034,
      "y" : -0.309017,
      "z" : -0.809017
    }, {
      "x" : -0.309017,
      "y" : -0.19098301,
      "z" : -1.0
    }, {
      "x" : -0.618034,
      "y" : 0.309017,
      "z" : -0.809017
    }, {
      "x" : -0.809017,
      "y" : -0.618034,
      "z" : -0.309017
    } ],
    "faces" : [ {
      "vertices" : [ 9, 40, 35, 34, 10 ]
    }, {
      "vertices" : [ 0, 1, 2 ]
    }, {
      "vertices" : [ 33, 51, 49 ]
    }, {
      "vertices" : [ 25, 36, 37, 38 ]
    }, {
      "vertices" : [ 41, 55, 42 ]
    }, {
      "vertices" : [ 9, 32, 59, 40 ]
    }, {
      "vertices" : [ 20, 21, 52, 48 ]
    }, {
      "vertices" : [ 26, 33, 30, 29, 27 ]
    }, {
      "vertices" : [ 3, 4, 5, 6 ]
    }, {
      "vertices" : [ 27, 29, 44, 46 ]
    }, {
      "vertices" : [ 50, 57, 56, 55, 58 ]
    }, {
      "vertices" : [ 26, 38, 51, 33 ]
    }, {
      "vertices" : [ 45, 47, 58 ]
    }, {
      "vertices" : [ 18, 28, 57, 50 ]
    }, {
      "vertices" : [ 40, 59, 56 ]
    }, {
      "vertices" : [ 31, 48, 37, 43 ]
    }, {
      "vertices" : [ 7, 8, 9, 10 ]
    }, {
      "vertices" : [ 36, 41, 42, 43 ]
    }, {
      "vertices" : [ 24, 46, 47, 45 ]
    }, {
      "vertices" : [ 4, 30, 5 ]
    }, {
      "vertices" : [ 15, 47, 46, 44, 16 ]
    }, {
      "vertices" : [ 15, 50, 58, 47 ]
    }, {
      "vertices" : [ 24, 45, 41, 36, 25 ]
    }, {
      "vertices" : [ 11, 14, 19 ]
    }, {
      "vertices" : [ 3, 6, 39 ]
    }, {
      "vertices" : [ 1, 39, 6, 2 ]
    }, {
      "vertices" : [ 8, 32, 9 ]
    }, {
      "vertices" : [ 11, 12, 13, 14 ]
    }, {
      "vertices" : [ 16, 22, 17 ]
    }, {
      "vertices" : [ 0, 21, 20, 8, 7 ]
    }, {
      "vertices" : [ 12, 34, 13 ]
    }, {
      "vertices" : [ 35, 40, 56, 57 ]
    }, {
      "vertices" : [ 0, 7, 54, 1 ]
    }, {
      "vertices" : [ 15, 16, 17, 18 ]
    }, {
      "vertices" : [ 3, 19, 22, 23, 4 ]
    }, {
      "vertices" : [ 7, 10, 54 ]
    }, {
      "vertices" : [ 41, 45, 58, 55 ]
    }, {
      "vertices" : [ 3, 39, 11, 19 ]
    }, {
      "vertices" : [ 14, 17, 22, 19 ]
    }, {
      "vertices" : [ 0, 2, 53, 21 ]
    }, {
      "vertices" : [ 49, 51, 52, 53 ]
    }, {
      "vertices" : [ 31, 43, 42, 59, 32 ]
    }, {
      "vertices" : [ 15, 18, 50 ]
    }, {
      "vertices" : [ 42, 55, 56, 59 ]
    }, {
      "vertices" : [ 4, 23, 29, 30 ]
    }, {
      "vertices" : [ 25, 38, 26 ]
    }, {
      "vertices" : [ 13, 28, 18, 17, 14 ]
    }, {
      "vertices" : [ 8, 20, 31, 32 ]
    }, {
      "vertices" : [ 23, 44, 29 ]
    }, {
      "vertices" : [ 24, 27, 46 ]
    }, {
      "vertices" : [ 37, 48, 52, 51, 38 ]
    }, {
      "vertices" : [ 20, 48, 31 ]
    }, {
      "vertices" : [ 24, 25, 26, 27 ]
    }, {
      "vertices" : [ 16, 44, 23, 22 ]
    }, {
      "vertices" : [ 13, 34, 35, 28 ]
    }, {
      "vertices" : [ 10, 34, 12, 54 ]
    }, {
      "vertices" : [ 2, 6, 5, 49, 53 ]
    }, {
      "vertices" : [ 36, 43, 37 ]
    }, {
      "vertices" : [ 5, 30, 33, 49 ]
    }, {
      "vertices" : [ 1, 54, 12, 11, 39 ]
    }, {
      "vertices" : [ 28, 35, 57 ]
    }, {
      "vertices" : [ 21, 53, 52 ]
    } ]
  }, {
    "id" : "d35098dc-af45-42cd-8b7e-0471326026af",
    "orbit" : "green",
    "name" : " :1/2",
    "vertices" : [ {
      "x" : 3.8315594,
      "y" : 1.2725425,
      "z" : -0.677051
    }, {
      "x" : 4.854102,
      "y" : 1.309017,
      "z" : -0.809017
    }, {
      "x" : 3.8315594,
      "y" : 1.2725425,
      "z" : -0.29508498
    }, {
      "x" : 3.6405764,
      "y" : 1.5815595,
      "z" : -0.79508495
    }, {
      "x" : 3.6405764,
      "y" : 1.5815595,
      "z" : -0.41311896
    }, {
      "x" : 0.809017,
      "y" : 0.618034,
      "z" : 0.309017
    }, {
      "x" : 1.0,
      "y" : 0.309017,
      "z" : 0.19098301
    }, {
      "x" : 1.9045085,
      "y" : 0.5364745,
      "z" : -0.013932022
    }, {
      "x" : 4.545085,
      "y" : 1.809017,
      "z" : -1.0
    }, {
      "x" : 4.736068,
      "y" : 1.5,
      "z" : -1.118034
    }, {
      "x" : 4.736068,
      "y" : 1.5,
      "z" : -0.5
    }, {
      "x" : 4.545085,
      "y" : 1.809017,
      "z" : -0.618034
    }, {
      "x" : 1.7135255,
      "y" : 0.8454915,
      "z" : -0.13196601
    }, {
      "x" : 0.690983,
      "y" : 0.809017,
      "z" : 0.0
    }, {
      "x" : 1.9045085,
      "y" : 0.5364745,
      "z" : -0.39589804
    }, {
      "x" : 1.7135255,
      "y" : 0.8454915,
      "z" : -0.51393205
    }, {
      "x" : 0.809017,
      "y" : 0.618034,
      "z" : -0.309017
    }, {
      "x" : 1.0,
      "y" : 0.309017,
      "z" : -0.19098301
    }, {
      "x" : 5.545085,
      "y" : 2.118034,
      "z" : -0.809017
    } ],
    "faces" : [ {
      "vertices" : [ 0, 14, 15, 3 ]
    }, {
      "vertices" : [ 3, 15, 12, 4 ]
    }, {
      "vertices" : [ 0, 1, 2 ]
    }, {
      "vertices" : [ 12, 15, 13 ]
    }, {
      "vertices" : [ 0, 9, 1 ]
    }, {
      "vertices" : [ 0, 3, 9 ]
    }, {
      "vertices" : [ 13, 15, 16 ]
    }, {
      "vertices" : [ 6, 17, 14, 7 ]
    }, {
      "vertices" : [ 1, 10, 2 ]
    }, {
      "vertices" : [ 5, 6, 7 ]
    }, {
      "vertices" : [ 3, 8, 9 ]
    }, {
      "vertices" : [ 0, 2, 7, 14 ]
    }, {
      "vertices" : [ 5, 7, 12 ]
    }, {
      "vertices" : [ 2, 4, 12, 7 ]
    }, {
      "vertices" : [ 3, 4, 11, 8 ]
    }, {
      "vertices" : [ 2, 10, 11, 4 ]
    }, {
      "vertices" : [ 5, 12, 13 ]
    }, {
      "vertices" : [ 14, 17, 16, 15 ]
    } ]
  }, {
    "id" : "08a1a6e7-5ba3-4285-8cd9-16c4261ae3c4",
    "orbit" : "green",
    "name" : "g3",
    "vertices" : [ {
      "x" : 27.320917,
      "y" : 10.2446785,
      "z" : -4.104102
    }, {
      "x" : 28.343458,
      "y" : 10.281153,
      "z" : -4.236068
    }, {
      "x" : 27.320917,
      "y" : 10.2446785,
      "z" : -3.722136
    }, {
      "x" : 27.129932,
      "y" : 10.553696,
      "z" : -4.222136
    }, {
      "x" : 27.129932,
      "y" : 10.553696,
      "z" : -3.84017
    }, {
      "x" : 0.809017,
      "y" : 0.618034,
      "z" : 0.309017
    }, {
      "x" : 1.0,
      "y" : 0.309017,
      "z" : 0.19098301
    }, {
      "x" : 1.9045085,
      "y" : 0.5364745,
      "z" : -0.013932022
    }, {
      "x" : 28.034441,
      "y" : 10.781153,
      "z" : -4.427051
    }, {
      "x" : 28.225426,
      "y" : 10.472136,
      "z" : -4.545085
    }, {
      "x" : 28.225426,
      "y" : 10.472136,
      "z" : -3.927051
    }, {
      "x" : 28.034441,
      "y" : 10.781153,
      "z" : -4.045085
    }, {
      "x" : 1.7135255,
      "y" : 0.8454915,
      "z" : -0.13196601
    }, {
      "x" : 0.690983,
      "y" : 0.809017,
      "z" : 0.0
    }, {
      "x" : 1.9045085,
      "y" : 0.5364745,
      "z" : -0.39589804
    }, {
      "x" : 1.7135255,
      "y" : 0.8454915,
      "z" : -0.51393205
    }, {
      "x" : 0.809017,
      "y" : 0.618034,
      "z" : -0.309017
    }, {
      "x" : 1.0,
      "y" : 0.309017,
      "z" : -0.19098301
    }, {
      "x" : 29.034441,
      "y" : 11.09017,
      "z" : -4.236068
    } ],
    "faces" : [ {
      "vertices" : [ 0, 14, 15, 3 ]
    }, {
      "vertices" : [ 3, 15, 12, 4 ]
    }, {
      "vertices" : [ 0, 1, 2 ]
    }, {
      "vertices" : [ 12, 15, 13 ]
    }, {
      "vertices" : [ 0, 9, 1 ]
    }, {
      "vertices" : [ 0, 3, 9 ]
    }, {
      "vertices" : [ 13, 15, 16 ]
    }, {
      "vertices" : [ 6, 17, 14, 7 ]
    }, {
      "vertices" : [ 1, 10, 2 ]
    }, {
      "vertices" : [ 5, 6, 7 ]
    }, {
      "vertices" : [ 3, 8, 9 ]
    }, {
      "vertices" : [ 0, 2, 7, 14 ]
    }, {
      "vertices" : [ 5, 7, 12 ]
    }, {
      "vertices" : [ 2, 4, 12, 7 ]
    }, {
      "vertices" : [ 3, 4, 11, 8 ]
    }, {
      "vertices" : [ 2, 10, 11, 4 ]
    }, {
      "vertices" : [ 5, 12, 13 ]
    }, {
      "vertices" : [ 14, 17, 16, 15 ]
    } ]
  }, {
    "id" : "44218028-4288-4c0b-baa7-6aa68a5f977a",
    "orbit" : "yellow",
    "name" : "y3",
    "vertices" : [ {
      "x" : 0.809017,
      "y" : 0.0,
      "z" : -0.690983
    }, {
      "x" : 1.0,
      "y" : 0.309017,
      "z" : -0.19098301
    }, {
      "x" : 8.163119,
      "y" : 0.309017,
      "z" : -2.927051
    }, {
      "x" : 7.972136,
      "y" : 0.0,
      "z" : -3.427051
    }, {
      "x" : 16.944271,
      "y" : 0.309017,
      "z" : -6.663119
    }, {
      "x" : 1.0,
      "y" : -0.309017,
      "z" : -0.19098301
    }, {
      "x" : 8.163119,
      "y" : -0.309017,
      "z" : -2.927051
    }, {
      "x" : 9.781153,
      "y" : 0.309017,
      "z" : -3.927051
    }, {
      "x" : 9.972136,
      "y" : 0.0,
      "z" : -3.427051
    }, {
      "x" : 17.944271,
      "y" : 0.0,
      "z" : -6.854102
    }, {
      "x" : 9.781153,
      "y" : -0.309017,
      "z" : -3.927051
    }, {
      "x" : 17.135256,
      "y" : 0.0,
      "z" : -6.163119
    }, {
      "x" : 16.944271,
      "y" : -0.309017,
      "z" : -6.663119
    } ],
    "faces" : [ {
      "vertices" : [ 2, 6, 8 ]
    }, {
      "vertices" : [ 4, 12, 10, 7 ]
    }, {
      "vertices" : [ 2, 8, 7 ]
    }, {
      "vertices" : [ 3, 10, 6 ]
    }, {
      "vertices" : [ 3, 7, 10 ]
    }, {
      "vertices" : [ 0, 1, 2, 3 ]
    }, {
      "vertices" : [ 6, 10, 8 ]
    }, {
      "vertices" : [ 8, 10, 12, 11 ]
    }, {
      "vertices" : [ 2, 7, 3 ]
    }, {
      "vertices" : [ 0, 3, 6, 5 ]
    }, {
      "vertices" : [ 1, 5, 6, 2 ]
    }, {
      "vertices" : [ 4, 7, 8, 11 ]
    } ]
  }, {
    "id" : "a7b989db-2651-4e8b-addd-c35b7c835e20",
    "vertices" : [ {
      "x" : 0.0,
      "y" : 0.0,
      "z" : 0.0
    }, {
      "x" : 0.0,
      "y" : 22.18034,
      "z" : -22.18034
    }, {
      "x" : 0.0,
      "y" : 44.36068,
      "z" : 0.0
    }, {
      "x" : 0.0,
      "y" : 22.18034,
      "z" : 22.18034
    } ],
    "faces" : [ {
      "vertices" : [ 0, 1, 2, 3 ]
    }, {
      "vertices" : [ 0, 3, 2, 1 ]
    } ]
  }, {
    "id" : "76bdf4d8-da30-44c6-9b15-3de3b1943915",
    "orbit" : "blue",
    "name" : "b3",
    "vertices" : [ {
      "x" : 21.18034,
      "y" : 0.309017,
      "z" : 0.19098301
    }, {
      "x" : 21.18034,
      "y" : 0.309017,
      "z" : -0.19098301
    }, {
      "x" : 1.0,
      "y" : 0.309017,
      "z" : -0.19098301
    }, {
      "x" : 1.0,
      "y" : 0.309017,
      "z" : 0.19098301
    }, {
      "x" : 21.18034,
      "y" : -0.309017,
      "z" : 0.19098301
    }, {
      "x" : 1.0,
      "y" : -0.309017,
      "z" : 0.19098301
    }, {
      "x" : 1.0,
      "y" : -0.309017,
      "z" : -0.19098301
    }, {
      "x" : 21.18034,
      "y" : -0.309017,
      "z" : -0.19098301
    }, {
      "x" : 22.18034,
      "y" : 0.0,
      "z" : 0.0
    } ],
    "faces" : [ {
      "vertices" : [ 1, 7, 6, 2 ]
    }, {
      "vertices" : [ 0, 1, 2, 3 ]
    }, {
      "vertices" : [ 4, 5, 6, 7 ]
    }, {
      "vertices" : [ 0, 3, 5, 4 ]
    } ]
  }, {
    "id" : "2c0987da-24a7-485e-a677-e77794ac5e78",
    "vertices" : [ {
      "x" : 0.0,
      "y" : 0.0,
      "z" : 0.0
    }, {
      "x" : 0.0,
      "y" : -22.18034,
      "z" : -22.18034
    }, {
      "x" : 0.0,
      "y" : 0.0,
      "z" : -44.36068
    }, {
      "x" : 0.0,
      "y" : 22.18034,
      "z" : -22.18034
    } ],
    "faces" : [ {
      "vertices" : [ 0, 1, 2, 3 ]
    }, {
      "vertices" : [ 0, 3, 2, 1 ]
    } ]
  }, {
    "id" : "b0808701-9695-45d3-8299-43675b1ebcd1",
    "orbit" : "blue",
    "name" : "b1",
    "vertices" : [ {
      "x" : 7.472136,
      "y" : 0.309017,
      "z" : 0.19098301
    }, {
      "x" : 7.472136,
      "y" : 0.309017,
      "z" : -0.19098301
    }, {
      "x" : 1.0,
      "y" : 0.309017,
      "z" : -0.19098301
    }, {
      "x" : 1.0,
      "y" : 0.309017,
      "z" : 0.19098301
    }, {
      "x" : 7.472136,
      "y" : -0.309017,
      "z" : 0.19098301
    }, {
      "x" : 1.0,
      "y" : -0.309017,
      "z" : 0.19098301
    }, {
      "x" : 1.0,
      "y" : -0.309017,
      "z" : -0.19098301
    }, {
      "x" : 7.472136,
      "y" : -0.309017,
      "z" : -0.19098301
    }, {
      "x" : 8.472136,
      "y" : 0.0,
      "z" : 0.0
    } ],
    "faces" : [ {
      "vertices" : [ 1, 7, 6, 2 ]
    }, {
      "vertices" : [ 0, 1, 2, 3 ]
    }, {
      "vertices" : [ 4, 5, 6, 7 ]
    }, {
      "vertices" : [ 0, 3, 5, 4 ]
    } ]
  }, {
    "id" : "a824c203-849a-439f-b6a3-cb0a293111af",
    "orbit" : "blue",
    "name" : "b2",
    "vertices" : [ {
      "x" : 12.708204,
      "y" : 0.309017,
      "z" : 0.19098301
    }, {
      "x" : 12.708204,
      "y" : 0.309017,
      "z" : -0.19098301
    }, {
      "x" : 1.0,
      "y" : 0.309017,
      "z" : -0.19098301
    }, {
      "x" : 1.0,
      "y" : 0.309017,
      "z" : 0.19098301
    }, {
      "x" : 12.708204,
      "y" : -0.309017,
      "z" : 0.19098301
    }, {
      "x" : 1.0,
      "y" : -0.309017,
      "z" : 0.19098301
    }, {
      "x" : 1.0,
      "y" : -0.309017,
      "z" : -0.19098301
    }, {
      "x" : 12.708204,
      "y" : -0.309017,
      "z" : -0.19098301
    }, {
      "x" : 13.708204,
      "y" : 0.0,
      "z" : 0.0
    } ],
    "faces" : [ {
      "vertices" : [ 1, 7, 6, 2 ]
    }, {
      "vertices" : [ 0, 1, 2, 3 ]
    }, {
      "vertices" : [ 4, 5, 6, 7 ]
    }, {
      "vertices" : [ 0, 3, 5, 4 ]
    } ]
  } ],
  "instances" : [ {
    "shape" : "1a649297-fbf7-4d6d-bf8e-9ed7993dcdd8",
    "color" : "#FFFFFF",
    "position" : {
      "x" : 0.0,
      "y" : -22.18034,
      "z" : -22.18034
    }
  }, {
    "shape" : "1a649297-fbf7-4d6d-bf8e-9ed7993dcdd8",
    "color" : "#FFFFFF",
    "position" : {
      "x" : 11.09017,
      "y" : -11.09017,
      "z" : -11.09017
    }
  }, {
    "shape" : "d35098dc-af45-42cd-8b7e-0471326026af",
    "color" : "#008D36",
    "position" : {
      "x" : 0.0,
      "y" : 0.0,
      "z" : 0.0
    },
    "orientation" : 21
  }, {
    "shape" : "08a1a6e7-5ba3-4285-8cd9-16c4261ae3c4",
    "color" : "#008D36",
    "position" : {
      "x" : 0.0,
      "y" : -22.18034,
      "z" : -22.18034
    },
    "orientation" : 51
  }, {
    "shape" : "44218028-4288-4c0b-baa7-6aa68a5f977a",
    "color" : "#F0A000",
    "position" : {
      "x" : -11.09017,
      "y" : -11.09017,
      "z" : 11.09017
    },
    "orientation" : 24
  }, {
    "shape" : "08a1a6e7-5ba3-4285-8cd9-16c4261ae3c4",
    "color" : "#008D36",
    "position" : {
      "x" : 0.0,
      "y" : 22.18034,
      "z" : -22.18034
    },
    "orientation" : 36
  }, {
    "shape" : "1a649297-fbf7-4d6d-bf8e-9ed7993dcdd8",
    "color" : "#FFFFFF",
    "position" : {
      "x" : -22.18034,
      "y" : 0.0,
      "z" : -22.18034
    }
  }, {
    "shape" : "1a649297-fbf7-4d6d-bf8e-9ed7993dcdd8",
    "color" : "#FFFFFF",
    "position" : {
      "x" : 0.0,
      "y" : 0.0,
      "z" : 22.18034
    }
  }, {
    "shape" : "44218028-4288-4c0b-baa7-6aa68a5f977a",
    "color" : "#F0A000",
    "position" : {
      "x" : -11.09017,
      "y" : 11.09017,
      "z" : -11.09017
    },
    "orientation" : 3
  }, {
    "shape" : "d35098dc-af45-42cd-8b7e-0471326026af",
    "color" : "#008D36",
    "position" : {
      "x" : 0.0,
      "y" : 0.0,
      "z" : 0.0
    },
    "orientation" : 36
  }, {
    "shape" : "1a649297-fbf7-4d6d-bf8e-9ed7993dcdd8",
    "color" : "#FFFFFF",
    "position" : {
      "x" : 0.0,
      "y" : -22.18034,
      "z" : 0.0
    }
  }, {
    "shape" : "1a649297-fbf7-4d6d-bf8e-9ed7993dcdd8",
    "color" : "#FFFFFF",
    "position" : {
      "x" : 0.0,
      "y" : 22.18034,
      "z" : -22.18034
    }
  }, {
    "shape" : "a7b989db-2651-4e8b-addd-c35b7c835e20",
    "color" : "#7FBACA",
    "position" : {
      "x" : -22.18034,
      "y" : 0.0,
      "z" : 0.0
    },
    "orientation" : 2
  }, {
    "shape" : "44218028-4288-4c0b-baa7-6aa68a5f977a",
    "color" : "#F0A000",
    "position" : {
      "x" : 11.09017,
      "y" : -11.09017,
      "z" : -11.09017
    },
    "orientation" : 3
  }, {
    "shape" : "44218028-4288-4c0b-baa7-6aa68a5f977a",
    "color" : "#F0A000",
    "position" : {
      "x" : -11.09017,
      "y" : -11.09017,
      "z" : -11.09017
    },
    "orientation" : 4
  }, {
    "shape" : "44218028-4288-4c0b-baa7-6aa68a5f977a",
    "color" : "#F0A000",
    "position" : {
      "x" : -11.09017,
      "y" : -11.09017,
      "z" : 11.09017
    },
    "orientation" : 54
  }, {
    "shape" : "44218028-4288-4c0b-baa7-6aa68a5f977a",
    "color" : "#F0A000",
    "position" : {
      "x" : -11.09017,
      "y" : 11.09017,
      "z" : -11.09017
    },
    "orientation" : 9
  }, {
    "shape" : "1a649297-fbf7-4d6d-bf8e-9ed7993dcdd8",
    "color" : "#FFFFFF",
    "position" : {
      "x" : -22.18034,
      "y" : 0.0,
      "z" : 0.0
    }
  }, {
    "shape" : "44218028-4288-4c0b-baa7-6aa68a5f977a",
    "color" : "#F0A000",
    "position" : {
      "x" : -11.09017,
      "y" : 11.09017,
      "z" : -11.09017
    },
    "orientation" : 19
  }, {
    "shape" : "44218028-4288-4c0b-baa7-6aa68a5f977a",
    "color" : "#F0A000",
    "position" : {
      "x" : -11.09017,
      "y" : -11.09017,
      "z" : 11.09017
    },
    "orientation" : 9
  }, {
    "shape" : "d35098dc-af45-42cd-8b7e-0471326026af",
    "color" : "#008D36",
    "position" : {
      "x" : 0.0,
      "y" : 0.0,
      "z" : 0.0
    },
    "orientation" : 51
  }, {
    "shape" : "44218028-4288-4c0b-baa7-6aa68a5f977a",
    "color" : "#F0A000",
    "position" : {
      "x" : -11.09017,
      "y" : 11.09017,
      "z" : 11.09017
    },
    "orientation" : 5
  }, {
    "shape" : "76bdf4d8-da30-44c6-9b15-3de3b1943915",
    "color" : "#007695",
    "position" : {
      "x" : 0.0,
      "y" : 22.18034,
      "z" : 0.0
    },
    "orientation" : 47
  }, {
    "shape" : "1a649297-fbf7-4d6d-bf8e-9ed7993dcdd8",
    "color" : "#FFFFFF",
    "position" : {
      "x" : 22.18034,
      "y" : 0.0,
      "z" : -22.18034
    }
  }, {
    "shape" : "44218028-4288-4c0b-baa7-6aa68a5f977a",
    "color" : "#F0A000",
    "position" : {
      "x" : 11.09017,
      "y" : -11.09017,
      "z" : -11.09017
    },
    "orientation" : 39
  }, {
    "shape" : "1a649297-fbf7-4d6d-bf8e-9ed7993dcdd8",
    "color" : "#FFFFFF",
    "position" : {
      "x" : 11.09017,
      "y" : 11.09017,
      "z" : 11.09017
    }
  }, {
    "shape" : "44218028-4288-4c0b-baa7-6aa68a5f977a",
    "color" : "#F0A000",
    "position" : {
      "x" : 11.09017,
      "y" : 11.09017,
      "z" : -11.09017
    },
    "orientation" : 5
  }, {
    "shape" : "44218028-4288-4c0b-baa7-6aa68a5f977a",
    "color" : "#F0A000",
    "position" : {
      "x" : 11.09017,
      "y" : -11.09017,
      "z" : -11.09017
    },
    "orientation" : 9
  }, {
    "shape" : "2c0987da-24a7-485e-a677-e77794ac5e78",
    "color" : "#7FBACA",
    "position" : {
      "x" : 0.0,
      "y" : 22.18034,
      "z" : -22.18034
    },
    "orientation" : 2
  }, {
    "shape" : "44218028-4288-4c0b-baa7-6aa68a5f977a",
    "color" : "#F0A000",
    "position" : {
      "x" : -11.09017,
      "y" : 11.09017,
      "z" : -11.09017
    },
    "orientation" : 39
  }, {
    "shape" : "1a649297-fbf7-4d6d-bf8e-9ed7993dcdd8",
    "color" : "#FFFFFF",
    "position" : {
      "x" : -11.09017,
      "y" : -11.09017,
      "z" : -11.09017
    }
  }, {
    "shape" : "44218028-4288-4c0b-baa7-6aa68a5f977a",
    "color" : "#F0A000",
    "position" : {
      "x" : 11.09017,
      "y" : -11.09017,
      "z" : 11.09017
    },
    "orientation" : 3
  }, {
    "shape" : "76bdf4d8-da30-44c6-9b15-3de3b1943915",
    "color" : "#007695",
    "position" : {
      "x" : -22.18034,
      "y" : 0.0,
      "z" : 0.0
    },
    "orientation" : 47
  }, {
    "shape" : "44218028-4288-4c0b-baa7-6aa68a5f977a",
    "color" : "#F0A000",
    "position" : {
      "x" : 11.09017,
      "y" : -11.09017,
      "z" : -11.09017
    },
    "orientation" : 19
  }, {
    "shape" : "1a649297-fbf7-4d6d-bf8e-9ed7993dcdd8",
    "color" : "#FFFFFF",
    "position" : {
      "x" : -11.09017,
      "y" : -11.09017,
      "z" : 11.09017
    }
  }, {
    "shape" : "44218028-4288-4c0b-baa7-6aa68a5f977a",
    "color" : "#F0A000",
    "position" : {
      "x" : -11.09017,
      "y" : -11.09017,
      "z" : -11.09017
    },
    "orientation" : 24
  }, {
    "shape" : "44218028-4288-4c0b-baa7-6aa68a5f977a",
    "color" : "#F0A000",
    "position" : {
      "x" : -11.09017,
      "y" : -11.09017,
      "z" : -11.09017
    },
    "orientation" : 54
  }, {
    "shape" : "1a649297-fbf7-4d6d-bf8e-9ed7993dcdd8",
    "color" : "#FFFFFF",
    "position" : {
      "x" : -11.09017,
      "y" : 11.09017,
      "z" : 11.09017
    }
  }, {
    "shape" : "44218028-4288-4c0b-baa7-6aa68a5f977a",
    "color" : "#F0A000",
    "position" : {
      "x" : -11.09017,
      "y" : 11.09017,
      "z" : 11.09017
    },
    "orientation" : 3
  }, {
    "shape" : "1a649297-fbf7-4d6d-bf8e-9ed7993dcdd8",
    "color" : "#FFFFFF",
    "position" : {
      "x" : 11.09017,
      "y" : 11.09017,
      "z" : -11.09017
    }
  }, {
    "shape" : "1a649297-fbf7-4d6d-bf8e-9ed7993dcdd8",
    "color" : "#FFFFFF",
    "position" : {
      "x" : 0.0,
      "y" : 22.18034,
      "z" : 0.0
    }
  }, {
    "shape" : "76bdf4d8-da30-44c6-9b15-3de3b1943915",
    "color" : "#007695",
    "position" : {
      "x" : 22.18034,
      "y" : 0.0,
      "z" : 0.0
    },
    "orientation" : 47
  }, {
    "shape" : "b0808701-9695-45d3-8299-43675b1ebcd1",
    "color" : "#007695",
    "position" : {
      "x" : 0.0,
      "y" : 0.0,
      "z" : 0.0
    },
    "orientation" : 2
  }, {
    "shape" : "08a1a6e7-5ba3-4285-8cd9-16c4261ae3c4",
    "color" : "#008D36",
    "position" : {
      "x" : 0.0,
      "y" : 22.18034,
      "z" : -22.18034
    },
    "orientation" : 21
  }, {
    "shape" : "44218028-4288-4c0b-baa7-6aa68a5f977a",
    "color" : "#F0A000",
    "position" : {
      "x" : 11.09017,
      "y" : 11.09017,
      "z" : -11.09017
    },
    "orientation" : 54
  }, {
    "shape" : "76bdf4d8-da30-44c6-9b15-3de3b1943915",
    "color" : "#007695",
    "position" : {
      "x" : 0.0,
      "y" : -22.18034,
      "z" : 0.0
    },
    "orientation" : 47
  }, {
    "shape" : "44218028-4288-4c0b-baa7-6aa68a5f977a",
    "color" : "#F0A000",
    "position" : {
      "x" : -11.09017,
      "y" : -11.09017,
      "z" : -11.09017
    },
    "orientation" : 5
  }, {
    "shape" : "44218028-4288-4c0b-baa7-6aa68a5f977a",
    "color" : "#F0A000",
    "position" : {
      "x" : 11.09017,
      "y" : 11.09017,
      "z" : 11.09017
    },
    "orientation" : 54
  }, {
    "shape" : "44218028-4288-4c0b-baa7-6aa68a5f977a",
    "color" : "#F0A000",
    "position" : {
      "x" : 11.09017,
      "y" : 11.09017,
      "z" : 11.09017
    },
    "orientation" : 39
  }, {
    "shape" : "44218028-4288-4c0b-baa7-6aa68a5f977a",
    "color" : "#F0A000",
    "position" : {
      "x" : 11.09017,
      "y" : -11.09017,
      "z" : 11.09017
    },
    "orientation" : 4
  }, {
    "shape" : "44218028-4288-4c0b-baa7-6aa68a5f977a",
    "color" : "#F0A000",
    "position" : {
      "x" : 11.09017,
      "y" : 11.09017,
      "z" : 11.09017
    },
    "orientation" : 24
  }, {
    "shape" : "44218028-4288-4c0b-baa7-6aa68a5f977a",
    "color" : "#F0A000",
    "position" : {
      "x" : -11.09017,
      "y" : 11.09017,
      "z" : 11.09017
    },
    "orientation" : 19
  }, {
    "shape" : "44218028-4288-4c0b-baa7-6aa68a5f977a",
    "color" : "#F0A000",
    "position" : {
      "x" : 11.09017,
      "y" : 11.09017,
      "z" : -11.09017
    },
    "orientation" : 24
  }, {
    "shape" : "1a649297-fbf7-4d6d-bf8e-9ed7993dcdd8",
    "color" : "#FFFFFF",
    "position" : {
      "x" : 22.18034,
      "y" : 0.0,
      "z" : 0.0
    }
  }, {
    "shape" : "1a649297-fbf7-4d6d-bf8e-9ed7993dcdd8",
    "color" : "#FFFFFF",
    "position" : {
      "x" : 0.0,
      "y" : 0.0,
      "z" : 0.0
    }
  }, {
    "shape" : "1a649297-fbf7-4d6d-bf8e-9ed7993dcdd8",
    "color" : "#FFFFFF",
    "position" : {
      "x" : 11.09017,
      "y" : -11.09017,
      "z" : 11.09017
    }
  }, {
    "shape" : "44218028-4288-4c0b-baa7-6aa68a5f977a",
    "color" : "#F0A000",
    "position" : {
      "x" : 11.09017,
      "y" : -11.09017,
      "z" : 11.09017
    },
    "orientation" : 19
  }, {
    "shape" : "44218028-4288-4c0b-baa7-6aa68a5f977a",
    "color" : "#F0A000",
    "position" : {
      "x" : 11.09017,
      "y" : 11.09017,
      "z" : -11.09017
    },
    "orientation" : 4
  }, {
    "shape" : "1a649297-fbf7-4d6d-bf8e-9ed7993dcdd8",
    "color" : "#FFFFFF",
    "position" : {
      "x" : 0.0,
      "y" : 0.0,
      "z" : 8.472136
    }
  }, {
    "shape" : "08a1a6e7-5ba3-4285-8cd9-16c4261ae3c4",
    "color" : "#008D36",
    "position" : {
      "x" : 0.0,
      "y" : -22.18034,
      "z" : -22.18034
    },
    "orientation" : 6
  }, {
    "shape" : "1a649297-fbf7-4d6d-bf8e-9ed7993dcdd8",
    "color" : "#FFFFFF",
    "position" : {
      "x" : -11.09017,
      "y" : 11.09017,
      "z" : -11.09017
    }
  }, {
    "shape" : "d35098dc-af45-42cd-8b7e-0471326026af",
    "color" : "#008D36",
    "position" : {
      "x" : 0.0,
      "y" : 0.0,
      "z" : 0.0
    },
    "orientation" : 6
  } ],
  "scenes" : [ {
    "title" : "utility shed",
    "content" : "",
    "view" : {
      "stereo" : false,
      "width" : 108.89366,
      "lookDirection" : {
        "x" : 0.3568221,
        "y" : 0.93417233,
        "z" : 0.0
      },
      "upDirection" : {
        "x" : -0.0,
        "y" : 0.0,
        "z" : 0.99999994
      },
      "lookAtPoint" : {
        "x" : 0.0,
        "y" : 0.0,
        "z" : 0.0
      },
      "viewDistance" : 241.98589,
      "nearClipDistance" : 0.6049646,
      "farClipDistance" : 483.9717,
      "fieldOfView" : 0.44262892,
      "perspective" : true,
      "position" : {
        "x" : -86.34591,
        "y" : -226.05652,
        "z" : 0.0
      }
    },
    "snapshot" : 0
  } ],
  "snapshots" : [ [ {
    "shape" : "08a1a6e7-5ba3-4285-8cd9-16c4261ae3c4",
    "color" : "#008D36",
    "position" : {
      "x" : 0.0,
      "y" : -22.18034,
      "z" : -22.18034
    },
    "orientation" : 6
  }, {
    "shape" : "1a649297-fbf7-4d6d-bf8e-9ed7993dcdd8",
    "color" : "#FFFFFF",
    "position" : {
      "x" : -11.09017,
      "y" : 11.09017,
      "z" : -11.09017
    },
    "orientation" : 0
  }, {
    "shape" : "44218028-4288-4c0b-baa7-6aa68a5f977a",
    "color" : "#F0A000",
    "position" : {
      "x" : -11.09017,
      "y" : -11.09017,
      "z" : 11.09017
    },
    "orientation" : 54
  }, {
    "shape" : "44218028-4288-4c0b-baa7-6aa68a5f977a",
    "color" : "#F0A000",
    "position" : {
      "x" : 11.09017,
      "y" : -11.09017,
      "z" : -11.09017
    },
    "orientation" : 3
  }, {
    "shape" : "44218028-4288-4c0b-baa7-6aa68a5f977a",
    "color" : "#F0A000",
    "position" : {
      "x" : -11.09017,
      "y" : -11.09017,
      "z" : 11.09017
    },
    "orientation" : 24
  }, {
    "shape" : "1a649297-fbf7-4d6d-bf8e-9ed7993dcdd8",
    "color" : "#FFFFFF",
    "position" : {
      "x" : -22.18034,
      "y" : 0.0,
      "z" : -22.18034
    },
    "orientation" : 0
  }, {
    "shape" : "1a649297-fbf7-4d6d-bf8e-9ed7993dcdd8",
    "color" : "#FFFFFF",
    "position" : {
      "x" : -11.09017,
      "y" : -11.09017,
      "z" : -11.09017
    },
    "orientation" : 0
  }, {
    "shape" : "08a1a6e7-5ba3-4285-8cd9-16c4261ae3c4",
    "color" : "#008D36",
    "position" : {
      "x" : 0.0,
      "y" : 22.18034,
      "z" : -22.18034
    },
    "orientation" : 21
  }, {
    "shape" : "1a649297-fbf7-4d6d-bf8e-9ed7993dcdd8",
    "color" : "#FFFFFF",
    "position" : {
      "x" : 0.0,
      "y" : 0.0,
      "z" : 0.0
    },
    "glow" : 0.8,
    "orientation" : 0
  }, {
    "shape" : "44218028-4288-4c0b-baa7-6aa68a5f977a",
    "color" : "#F0A000",
    "position" : {
      "x" : -11.09017,
      "y" : 11.09017,
      "z" : 11.09017
    },
    "orientation" : 19
  }, {
    "shape" : "44218028-4288-4c0b-baa7-6aa68a5f977a",
    "color" : "#F0A000",
    "position" : {
      "x" : 11.09017,
      "y" : -11.09017,
      "z" : 11.09017
    },
    "orientation" : 4
