{
  "polygons" : "true",
  "field" : "golden",
  "symmetry" : "icosahedral",
  "orientations" : [ [ 1.0, 0.0, 0.0, 0.0, 0.0, 1.0, 0.0, 0.0, 0.0, 0.0, 1.0, 0.0, 0.0, 0.0, 0.0, 1.0 ], [ 0.0, 0.0, 1.0, 0.0, 1.0, 0.0, 0.0, 0.0, 0.0, 1.0, 0.0, 0.0, 0.0, 0.0, 0.0, 1.0 ], [ 0.0, 1.0, 0.0, 0.0, 0.0, 0.0, 1.0, 0.0, 1.0, 0.0, 0.0, 0.0, 0.0, 0.0, 0.0, 1.0 ], [ 0.809017, 0.309017, 0.5, 0.0, 0.309017, 0.5, -0.809017, 0.0, -0.5, 0.809017, 0.309017, 0.0, 0.0, 0.0, 0.0, 1.0 ], [ -0.5, 0.809017, 0.309017, 0.0, 0.809017, 0.309017, 0.5, 0.0, 0.309017, 0.5, -0.809017, 0.0, 0.0, 0.0, 0.0, 1.0 ], [ 0.309017, 0.5, -0.809017, 0.0, -0.5, 0.809017, 0.309017, 0.0, 0.809017, 0.309017, 0.5, 0.0, 0.0, 0.0, 0.0, 1.0 ], [ 0.5, 0.809017, 0.309017, 0.0, 0.809017, -0.309017, -0.5, 0.0, -0.309017, 0.5, -0.809017, 0.0, 0.0, 0.0, 0.0, 1.0 ], [ -0.309017, 0.5, -0.809017, 0.0, 0.5, 0.809017, 0.309017, 0.0, 0.809017, -0.309017, -0.5, 0.0, 0.0, 0.0, 0.0, 1.0 ], [ 0.809017, -0.309017, -0.5, 0.0, -0.309017, 0.5, -0.809017, 0.0, 0.5, 0.809017, 0.309017, 0.0, 0.0, 0.0, 0.0, 1.0 ], [ 0.5, 0.809017, -0.309017, 0.0, 0.809017, -0.309017, 0.5, 0.0, 0.309017, -0.5, -0.809017, 0.0, 0.0, 0.0, 0.0, 1.0 ], [ 0.309017, -0.5, -0.809017, 0.0, 0.5, 0.809017, -0.309017, 0.0, 0.809017, -0.309017, 0.5, 0.0, 0.0, 0.0, 0.0, 1.0 ], [ 0.809017, -0.309017, 0.5, 0.0, 0.309017, -0.5, -0.809017, 0.0, 0.5, 0.809017, -0.309017, 0.0, 0.0, 0.0, 0.0, 1.0 ], [ 0.809017, 0.309017, -0.5, 0.0, 0.309017, 0.5, 0.809017, 0.0, 0.5, -0.809017, 0.309017, 0.0, 0.0, 0.0, 0.0, 1.0 ], [ 0.5, -0.809017, 0.309017, 0.0, 0.809017, 0.309017, -0.5, 0.0, 0.309017, 0.5, 0.809017, 0.0, 0.0, 0.0, 0.0, 1.0 ], [ 0.309017, 0.5, 0.809017, 0.0, 0.5, -0.809017, 0.309017, 0.0, 0.809017, 0.309017, -0.5, 0.0, 0.0, 0.0, 0.0, 1.0 ], [ 1.0, 0.0, 0.0, 0.0, 0.0, -1.0, 0.0, 0.0, 0.0, 0.0, -1.0, 0.0, 0.0, 0.0, 0.0, 1.0 ], [ 0.0, 0.0, 1.0, 0.0, -1.0, 0.0, 0.0, 0.0, 0.0, -1.0, 0.0, 0.0, 0.0, 0.0, 0.0, 1.0 ], [ 0.0, 1.0, 0.0, 0.0, 0.0, 0.0, -1.0, 0.0, -1.0, 0.0, 0.0, 0.0, 0.0, 0.0, 0.0, 1.0 ], [ 0.809017, 0.309017, 0.5, 0.0, -0.309017, -0.5, 0.809017, 0.0, 0.5, -0.809017, -0.309017, 0.0, 0.0, 0.0, 0.0, 1.0 ], [ -0.5, 0.809017, 0.309017, 0.0, -0.809017, -0.309017, -0.5, 0.0, -0.309017, -0.5, 0.809017, 0.0, 0.0, 0.0, 0.0, 1.0 ], [ 0.309017, 0.5, -0.809017, 0.0, 0.5, -0.809017, -0.309017, 0.0, -0.809017, -0.309017, -0.5, 0.0, 0.0, 0.0, 0.0, 1.0 ], [ 0.5, 0.809017, 0.309017, 0.0, -0.809017, 0.309017, 0.5, 0.0, 0.309017, -0.5, 0.809017, 0.0, 0.0, 0.0, 0.0, 1.0 ], [ -0.309017, 0.5, -0.809017, 0.0, -0.5, -0.809017, -0.309017, 0.0, -0.809017, 0.309017, 0.5, 0.0, 0.0, 0.0, 0.0, 1.0 ], [ 0.809017, -0.309017, -0.5, 0.0, 0.309017, -0.5, 0.809017, 0.0, -0.5, -0.809017, -0.309017, 0.0, 0.0, 0.0, 0.0, 1.0 ], [ 0.5, 0.809017, -0.309017, 0.0, -0.809017, 0.309017, -0.5, 0.0, -0.309017, 0.5, 0.809017, 0.0, 0.0, 0.0, 0.0, 1.0 ], [ 0.309017, -0.5, -0.809017, 0.0, -0.5, -0.809017, 0.309017, 0.0, -0.809017, 0.309017, -0.5, 0.0, 0.0, 0.0, 0.0, 1.0 ], [ 0.809017, -0.309017, 0.5, 0.0, -0.309017, 0.5, 0.809017, 0.0, -0.5, -0.809017, 0.309017, 0.0, 0.0, 0.0, 0.0, 1.0 ], [ 0.809017, 0.309017, -0.5, 0.0, -0.309017, -0.5, -0.809017, 0.0, -0.5, 0.809017, -0.309017, 0.0, 0.0, 0.0, 0.0, 1.0 ], [ 0.5, -0.809017, 0.309017, 0.0, -0.809017, -0.309017, 0.5, 0.0, -0.309017, -0.5, -0.809017, 0.0, 0.0, 0.0, 0.0, 1.0 ], [ 0.309017, 0.5, 0.809017, 0.0, -0.5, 0.809017, -0.309017, 0.0, -0.809017, -0.309017, 0.5, 0.0, 0.0, 0.0, 0.0, 1.0 ], [ -1.0, 0.0, 0.0, 0.0, 0.0, -1.0, 0.0, 0.0, 0.0, 0.0, 1.0, 0.0, 0.0, 0.0, 0.0, 1.0 ], [ 0.0, 0.0, -1.0, 0.0, -1.0, 0.0, 0.0, 0.0, 0.0, 1.0, 0.0, 0.0, 0.0, 0.0, 0.0, 1.0 ], [ 0.0, -1.0, 0.0, 0.0, 0.0, 0.0, -1.0, 0.0, 1.0, 0.0, 0.0, 0.0, 0.0, 0.0, 0.0, 1.0 ], [ -0.809017, -0.309017, -0.5, 0.0, -0.309017, -0.5, 0.809017, 0.0, -0.5, 0.809017, 0.309017, 0.0, 0.0, 0.0, 0.0, 1.0 ], [ 0.5, -0.809017, -0.309017, 0.0, -0.809017, -0.309017, -0.5, 0.0, 0.309017, 0.5, -0.809017, 0.0, 0.0, 0.0, 0.0, 1.0 ], [ -0.309017, -0.5, 0.809017, 0.0, 0.5, -0.809017, -0.309017, 0.0, 0.809017, 0.309017, 0.5, 0.0, 0.0, 0.0, 0.0, 1.0 ], [ -0.5, -0.809017, -0.309017, 0.0, -0.809017, 0.309017, 0.5, 0.0, -0.309017, 0.5, -0.809017, 0.0, 0.0, 0.0, 0.0, 1.0 ], [ 0.309017, -0.5, 0.809017, 0.0, -0.5, -0.809017, -0.309017, 0.0, 0.809017, -0.309017, -0.5, 0.0, 0.0, 0.0, 0.0, 1.0 ], [ -0.809017, 0.309017, 0.5, 0.0, 0.309017, -0.5, 0.809017, 0.0, 0.5, 0.809017, 0.309017, 0.0, 0.0, 0.0, 0.0, 1.0 ], [ -0.5, -0.809017, 0.309017, 0.0, -0.809017, 0.309017, -0.5, 0.0, 0.309017, -0.5, -0.809017, 0.0, 0.0, 0.0, 0.0, 1.0 ], [ -0.309017, 0.5, 0.809017, 0.0, -0.5, -0.809017, 0.309017, 0.0, 0.809017, -0.309017, 0.5, 0.0, 0.0, 0.0, 0.0, 1.0 ], [ -0.809017, 0.309017, -0.5, 0.0, -0.309017, 0.5, 0.809017, 0.0, 0.5, 0.809017, -0.309017, 0.0, 0.0, 0.0, 0.0, 1.0 ], [ -0.809017, -0.309017, 0.5, 0.0, -0.309017, -0.5, -0.809017, 0.0, 0.5, -0.809017, 0.309017, 0.0, 0.0, 0.0, 0.0, 1.0 ], [ -0.5, 0.809017, -0.309017, 0.0, -0.809017, -0.309017, 0.5, 0.0, 0.309017, 0.5, 0.809017, 0.0, 0.0, 0.0, 0.0, 1.0 ], [ -0.309017, -0.5, -0.809017, 0.0, -0.5, 0.809017, -0.309017, 0.0, 0.809017, 0.309017, -0.5, 0.0, 0.0, 0.0, 0.0, 1.0 ], [ -1.0, 0.0, 0.0, 0.0, 0.0, 1.0, 0.0, 0.0, 0.0, 0.0, -1.0, 0.0, 0.0, 0.0, 0.0, 1.0 ], [ 0.0, 0.0, -1.0, 0.0, 1.0, 0.0, 0.0, 0.0, 0.0, -1.0, 0.0, 0.0, 0.0, 0.0, 0.0, 1.0 ], [ 0.0, -1.0, 0.0, 0.0, 0.0, 0.0, 1.0, 0.0, -1.0, 0.0, 0.0, 0.0, 0.0, 0.0, 0.0, 1.0 ], [ -0.809017, -0.309017, -0.5, 0.0, 0.309017, 0.5, -0.809017, 0.0, 0.5, -0.809017, -0.309017, 0.0, 0.0, 0.0, 0.0, 1.0 ], [ 0.5, -0.809017, -0.309017, 0.0, 0.809017, 0.309017, 0.5, 0.0, -0.309017, -0.5, 0.809017, 0.0, 0.0, 0.0, 0.0, 1.0 ], [ -0.309017, -0.5, 0.809017, 0.0, -0.5, 0.809017, 0.309017, 0.0, -0.809017, -0.309017, -0.5, 0.0, 0.0, 0.0, 0.0, 1.0 ], [ -0.5, -0.809017, -0.309017, 0.0, 0.809017, -0.309017, -0.5, 0.0, 0.309017, -0.5, 0.809017, 0.0, 0.0, 0.0, 0.0, 1.0 ], [ 0.309017, -0.5, 0.809017, 0.0, 0.5, 0.809017, 0.309017, 0.0, -0.809017, 0.309017, 0.5, 0.0, 0.0, 0.0, 0.0, 1.0 ], [ -0.809017, 0.309017, 0.5, 0.0, -0.309017, 0.5, -0.809017, 0.0, -0.5, -0.809017, -0.309017, 0.0, 0.0, 0.0, 0.0, 1.0 ], [ -0.5, -0.809017, 0.309017, 0.0, 0.809017, -0.309017, 0.5, 0.0, -0.309017, 0.5, 0.809017, 0.0, 0.0, 0.0, 0.0, 1.0 ], [ -0.309017, 0.5, 0.809017, 0.0, 0.5, 0.809017, -0.309017, 0.0, -0.809017, 0.309017, -0.5, 0.0, 0.0, 0.0, 0.0, 1.0 ], [ -0.809017, 0.309017, -0.5, 0.0, 0.309017, -0.5, -0.809017, 0.0, -0.5, -0.809017, 0.309017, 0.0, 0.0, 0.0, 0.0, 1.0 ], [ -0.809017, -0.309017, 0.5, 0.0, 0.309017, 0.5, 0.809017, 0.0, -0.5, 0.809017, -0.309017, 0.0, 0.0, 0.0, 0.0, 1.0 ], [ -0.5, 0.809017, -0.309017, 0.0, 0.809017, 0.309017, -0.5, 0.0, -0.309017, -0.5, -0.809017, 0.0, 0.0, 0.0, 0.0, 1.0 ], [ -0.309017, -0.5, -0.809017, 0.0, 0.5, -0.809017, 0.309017, 0.0, -0.809017, -0.309017, 0.5, 0.0, 0.0, 0.0, 0.0, 1.0 ] ],
  "lights" : {
    "backgroundColor" : "#003366",
    "ambientColor" : "#292929",
    "directionalLights" : [ {
      "direction" : [ 1.0, -1.0, -1.0 ],
      "color" : "#EBEBE4"
    }, {
      "direction" : [ -1.0, 0.0, 0.0 ],
      "color" : "#E4E4EB"
    }, {
      "direction" : [ 0.0, 0.0, -1.0 ],
      "color" : "#1E1E1E"
    } ]
  },
  "camera" : {
    "perspective" : true,
    "viewDistance" : 313.83878,
    "nearClipDistance" : 0.7845974,
    "farClipDistance" : 627.6772,
    "lookAtPoint" : {
      "x" : 0.0,
      "y" : 0.0,
      "z" : 25.416409
    },
    "fieldOfView" : 0.4426287,
    "lookDirection" : {
      "x" : 0.8181131,
      "y" : -0.46758,
      "z" : 0.33475047
    },
    "upDirection" : {
      "x" : 0.3240734,
      "y" : -0.10599277,
      "z" : -0.94007516
    },
    "width" : 141.22739,
    "stereo" : false,
    "position" : {
      "x" : -256.7556,
      "y" : 146.74474,
      "z" : -79.641266
    }
  },
  "embedding" : [ 1.0, 0.0, 0.0, 0.0, 0.0, 1.0, 0.0, 0.0, 0.0, 0.0, 1.0, 0.0, 0.0, 0.0, 0.0, 1.0 ],
  "shapes" : [ {
    "id" : "b2ebd579-3a67-4986-9a7a-bc1df9a92307",
    "name" : "ball",
    "vertices" : [ {
      "x" : -0.24701338,
      "y" : -0.27996942,
      "z" : 0.16667666
    }, {
      "x" : -0.22531646,
      "y" : -0.28509134,
      "z" : 0.18837357
    }, {
      "x" : -0.33357716,
      "y" : -0.46026084,
      "z" : 0.25528234
    }, {
      "x" : -0.35527405,
      "y" : -0.4551389,
      "z" : 0.23358543
    }, {
      "x" : 0.40151262,
      "y" : 0.029984389,
      "z" : 0.07119087
    }, {
      "x" : 0.618034,
      "y" : 0.029984389,
      "z" : 0.07119087
    }, {
      "x" : 0.618034,
      "y" : 0.0,
      "z" : 0.07947835
    }, {
      "x" : 0.40151262,
      "y" : 0.0,
      "z" : 0.07947835
    }, {
      "x" : 0.203015,
      "y" : 0.3511603,
      "z" : -0.051487405
    }, {
      "x" : 0.17619614,
      "y" : 0.3645697,
      "z" : -0.059774883
    }, {
      "x" : 0.28445682,
      "y" : 0.5397392,
      "z" : -0.12668367
    }, {
      "x" : 0.3112757,
      "y" : 0.52632976,
      "z" : -0.118396185
    }, {
      "x" : 0.5314517,
      "y" : 0.2134713,
      "z" : -0.24422856
    }, {
      "x" : 0.5397392,
      "y" : 0.19177438,
      "z" : -0.24422856
    }, {
      "x" : 0.3645697,
      "y" : 0.12486561,
      "z" : -0.13596787
    }, {
      "x" : 0.35628223,
      "y" : 0.14656252,
      "z" : -0.13596787
    }, {
      "x" : 0.14681633,
      "y" : 0.33872905,
      "z" : 0.17496413
    }, {
      "x" : 0.13596787,
      "y" : 0.35628223,
      "z" : 0.14656252
    }, {
      "x" : 0.24422856,
      "y" : 0.5314517,
      "z" : 0.2134713
    }, {
      "x" : 0.255077,
      "y" : 0.51389855,
      "z" : 0.24187292
    }, {
      "x" : 0.3511603,
      "y" : 0.051487405,
      "z" : -0.203015
    }, {
      "x" : 0.3645697,
      "y" : 0.059774883,
      "z" : -0.17619614
    }, {
      "x" : 0.5397392,
      "y" : 0.12668367,
      "z" : -0.28445682
    }, {
      "x" : 0.52632976,
      "y" : 0.118396185,
      "z" : -0.3112757
    }, {
      "x" : -0.29850078,
      "y" : 0.19666104,
      "z" : 0.19849762
    }, {
      "x" : -0.28509134,
      "y" : 0.18837357,
      "z" : 0.22531646
    }, {
      "x" : -0.46026084,
      "y" : 0.25528234,
      "z" : 0.33357716
    }, {
      "x" : -0.47367024,
      "y" : 0.26356983,
      "z" : 0.3067583
    }, {
      "x" : 0.051487405,
      "y" : 0.22471191,
      "z" : 0.33775085
    }, {
      "x" : 0.118396185,
      "y" : 0.3329726,
      "z" : 0.5129203
    }, {
      "x" : 0.118396185,
      "y" : 0.3112757,
      "z" : 0.52632976
    }, {
      "x" : 0.051487405,
      "y" : 0.203015,
      "z" : 0.3511603
    }, {
      "x" : 0.33872905,
      "y" : -0.17496413,
      "z" : 0.14681633
    }, {
      "x" : 0.32531965,
      "y" : -0.18837357,
      "z" : 0.16022575
    }, {
      "x" : 0.5004891,
      "y" : -0.25528234,
      "z" : 0.26848644
    }, {
      "x" : 0.51389855,
      "y" : -0.24187292,
      "z" : 0.255077
    }, {
      "x" : 0.40151262,
      "y" : -0.06509072,
      "z" : -0.039250076
    }, {
      "x" : 0.40151262,
      "y" : -0.073378205,
      "z" : -0.017553167
    }, {
      "x" : 0.618034,
      "y" : -0.073378205,
      "z" : -0.017553167
    }, {
      "x" : 0.618034,
      "y" : -0.06509072,
      "z" : -0.039250076
    }, {
      "x" : 0.0,
      "y" : -0.618034,
      "z" : 0.38196602
    }, {
      "x" : -0.23606798,
      "y" : -0.618034,
      "z" : 0.0
    }, {
      "x" : -0.07947835,
      "y" : -0.618034,
      "z" : 0.0
    }, {
      "x" : -0.07119087,
      "y" : -0.618034,
      "z" : 0.029984389
    }, {
      "x" : -0.057781447,
      "y" : -0.618034,
      "z" : 0.051681295
    }, {
      "x" : -0.039250076,
      "y" : -0.618034,
      "z" : 0.06509072
    }, {
      "x" : -0.017553167,
      "y" : -0.618034,
      "z" : 0.073378205
    }, {
      "x" : 0.40151262,
      "y" : 0.073378205,
      "z" : -0.017553167
    }, {
      "x" : 0.40151262,
      "y" : 0.06509072,
      "z" : -0.039250076
    }, {
      "x" : 0.618034,
      "y" : 0.06509072,
      "z" : -0.039250076
    }, {
      "x" : 0.618034,
      "y" : 0.073378205,
      "z" : -0.017553167
    }, {
      "x" : 0.32434142,
      "y" : -0.059774883,
      "z" : 0.24128687
    }, {
      "x" : 0.33775085,
      "y" : -0.051487405,
      "z" : 0.22471191
    }, {
      "x" : 0.5129203,
      "y" : -0.118396185,
      "z" : 0.3329726
    }, {
      "x" : 0.49951088,
      "y" : -0.12668367,
      "z" : 0.34954756
    }, {
      "x" : 0.18837357,
      "y" : 0.16022575,
      "z" : 0.32531965
    }, {
      "x" : 0.17496413,
      "y" : 0.14681633,
      "z" : 0.33872905
    }, {
      "x" : 0.24187292,
      "y" : 0.255077,
      "z" : 0.51389855
    }, {
      "x" : 0.25528234,
      "y" : 0.26848644,
      "z" : 0.5004891
    }, {
      "x" : 0.37380543,
      "y" : 0.4685483,
      "z" : -0.16849472
    }, {
      "x" : 0.37380543,
      "y" : 0.46026084,
      "z" : -0.19019163
    }, {
      "x" : 0.26554474,
      "y" : 0.28509134,
      "z" : -0.123282835
    }, {
      "x" : 0.26554474,
      "y" : 0.29337883,
      "z" : -0.10158593
    }, {
      "x" : 0.38196602,
      "y" : 0.0,
      "z" : 0.618034
    }, {
      "x" : 0.2134713,
      "y" : 0.24422856,
      "z" : 0.5314517
    }, {
      "x" : 0.19177438,
      "y" : 0.24422856,
      "z" : 0.5397392
    }, {
      "x" : 0.17007749,
      "y" : 0.2493505,
      "z" : 0.54486114
    }, {
      "x" : 0.14838058,
      "y" : 0.26275992,
      "z" : 0.54486114
    }, {
      "x" : 0.12668367,
      "y" : 0.28445682,
      "z" : 0.5397392
    }, {
      "x" : 0.0,
      "y" : 0.23606798,
      "z" : 0.618034
    }, {
      "x" : 0.32434142,
      "y" : 0.059774883,
      "z" : 0.24128687
    }, {
      "x" : 0.49951088,
      "y" : 0.12668367,
      "z" : 0.34954756
    }, {
      "x" : 0.5129203,
      "y" : 0.118396185,
      "z" : 0.3329726
    }, {
      "x" : 0.33775085,
      "y" : 0.051487405,
      "z" : 0.22471191
    }, {
      "x" : 0.017553167,
      "y" : -0.40151262,
      "z" : -0.073378205
    }, {
      "x" : -0.017553167,
      "y" : -0.40151262,
      "z" : -0.073378205
    }, {
      "x" : -0.017553167,
      "y" : -0.618034,
      "z" : -0.073378205
    }, {
      "x" : 0.017553167,
      "y" : -0.618034,
      "z" : -0.073378205
    }, {
      "x" : 0.13596787,
      "y" : -0.3645697,
      "z" : -0.12486561
    }, {
      "x" : 0.14108981,
      "y" : -0.36969164,
      "z" : -0.103168696
    }, {
      "x" : 0.2493505,
      "y" : -0.54486114,
      "z" : -0.17007749
    }, {
      "x" : 0.24422856,
      "y" : -0.5397392,
      "z" : -0.19177438
    }, {
      "x" : 0.059774883,
      "y" : -0.24128687,
      "z" : 0.32434142
    }, {
      "x" : 0.051487405,
      "y" : -0.22471191,
      "z" : 0.33775085
    }, {
      "x" : 0.118396185,
      "y" : -0.3329726,
      "z" : 0.5129203
    }, {
      "x" : 0.12668367,
      "y" : -0.34954756,
      "z" : 0.49951088
    }, {
      "x" : -0.38196602,
      "y" : 0.0,
      "z" : 0.618034
    }, {
      "x" : -0.2134713,
      "y" : 0.24422856,
      "z" : 0.5314517
    }, {
      "x" : -0.24187292,
      "y" : 0.255077,
      "z" : 0.51389855
    }, {
      "x" : -0.25528234,
      "y" : 0.26848644,
      "z" : 0.5004891
    }, {
      "x" : -0.26356983,
      "y" : 0.2850614,
      "z" : 0.48707968
    }, {
      "x" : -0.26356983,
      "y" : 0.3067583,
      "z" : 0.47367024
    }, {
      "x" : -0.25528234,
      "y" : 0.33357716,
      "z" : 0.46026084
    }, {
      "x" : -0.38196602,
      "y" : 0.38196602,
      "z" : 0.38196602
    }, {
      "x" : 0.15449923,
      "y" : -0.36969164,
      "z" : -0.08147179
    }, {
      "x" : 0.26275992,
      "y" : -0.54486114,
      "z" : -0.14838058
    }, {
      "x" : 0.16022575,
      "y" : 0.32531965,
      "z" : -0.18837357
    }, {
      "x" : 0.17680071,
      "y" : 0.3119102,
      "z" : -0.19666104
    }, {
      "x" : 0.2850614,
      "y" : 0.48707968,
      "z" : -0.26356983
    }, {
      "x" : 0.26848644,
      "y" : 0.5004891,
      "z" : -0.25528234
    }, {
      "x" : 0.40151262,
      "y" : 0.029984389,
      "z" : -0.07119087
    }, {
      "x" : 0.40151262,
      "y" : 0.0,
      "z" : -0.07947835
    }, {
      "x" : 0.618034,
      "y" : 0.0,
      "z" : -0.07947835
    }, {
      "x" : 0.618034,
      "y" : 0.029984389,
      "z" : -0.07119087
    }, {
      "x" : -0.08147179,
      "y" : 0.15449923,
      "z" : 0.36969164
    }, {
      "x" : -0.14838058,
      "y" : 0.26275992,
      "z" : 0.54486114
    }, {
      "x" : -0.12668367,
      "y" : 0.28445682,
      "z" : 0.5397392
    }, {
      "x" : -0.059774883,
      "y" : 0.17619614,
      "z" : 0.3645697
    }, {
      "x" : -0.14497975,
      "y" : -0.2604228,
      "z" : -0.27996942
    }, {
      "x" : -0.21188852,
      "y" : -0.3686835,
      "z" : -0.4551389
    }, {
      "x" : -0.23358543,
      "y" : -0.35527405,
      "z" : -0.4551389
    }, {
      "x" : -0.16667666,
      "y" : -0.24701338,
      "z" : -0.27996942
    }, {
      "x" : 0.059774883,
      "y" : -0.24128687,
      "z" : -0.32434142
    }, {
      "x" : 0.12668367,
      "y" : -0.34954756,
      "z" : -0.49951088
    }, {
      "x" : 0.118396185,
      "y" : -0.3329726,
      "z" : -0.5129203
    }, {
      "x" : 0.051487405,
      "y" : -0.22471191,
      "z" : -0.33775085
    }, {
      "x" : -0.40151262,
      "y" : 0.051681295,
      "z" : 0.057781447
    }, {
      "x" : -0.40151262,
      "y" : 0.029984389,
      "z" : 0.07119087
    }, {
      "x" : -0.618034,
      "y" : 0.029984389,
      "z" : 0.07119087
    }, {
      "x" : -0.618034,
      "y" : 0.051681295,
      "z" : 0.057781447
    }, {
      "x" : -0.10158593,
      "y" : -0.26554474,
      "z" : -0.29337883
    }, {
      "x" : -0.123282835,
      "y" : -0.26554474,
      "z" : -0.28509134
    }, {
      "x" : -0.18837357,
      "y" : -0.22531646,
      "z" : -0.28509134
    }, {
      "x" : -0.19666104,
      "y" : -0.19849762,
      "z" : -0.29850078
    }, {
      "x" : -0.19666104,
      "y" : -0.17680071,
      "z" : -0.3119102
    }, {
      "x" : -0.18837357,
      "y" : -0.16022575,
      "z" : -0.32531965
    }, {
      "x" : -0.17496413,
      "y" : -0.14681633,
      "z" : -0.33872905
    }, {
      "x" : -0.14656252,
      "y" : -0.13596787,
      "z" : -0.35628223
    }, {
      "x" : -0.12486561,
      "y" : -0.13596787,
      "z" : -0.3645697
    }, {
      "x" : -0.103168696,
      "y" : -0.14108981,
      "z" : -0.36969164
    }, {
      "x" : -0.08147179,
      "y" : -0.15449923,
      "z" : -0.36969164
    }, {
      "x" : -0.059774883,
      "y" : -0.17619614,
      "z" : -0.3645697
    }, {
      "x" : -0.051487405,
      "y" : -0.203015,
      "z" : -0.3511603
    }, {
      "x" : -0.051487405,
      "y" : -0.22471191,
      "z" : -0.33775085
    }, {
      "x" : -0.059774883,
      "y" : -0.24128687,
      "z" : -0.32434142
    }, {
      "x" : -0.07318431,
      "y" : -0.2546963,
      "z" : -0.310932
    }, {
      "x" : 0.2546963,
      "y" : 0.310932,
      "z" : -0.07318431
    }, {
      "x" : 0.36295697,
      "y" : 0.48610148,
      "z" : -0.14009309
    }, {
      "x" : 0.203015,
      "y" : 0.3511603,
      "z" : 0.051487405
    }, {
      "x" : 0.3112757,
      "y" : 0.52632976,
      "z" : 0.118396185
    }, {
      "x" : 0.28445682,
      "y" : 0.5397392,
      "z" : 0.12668367
    }, {
      "x" : 0.17619614,
      "y" : 0.3645697,
      "z" : 0.059774883
    }, {
      "x" : 0.08147179,
      "y" : -0.15449923,
      "z" : 0.36969164
    }, {
      "x" : 0.14838058,
      "y" : -0.26275992,
      "z" : 0.54486114
    }, {
      "x" : 0.12668367,
      "y" : -0.28445682,
      "z" : 0.5397392
    }, {
      "x" : 0.059774883,
      "y" : -0.17619614,
      "z" : 0.3645697
    }, {
      "x" : -0.24128687,
      "y" : -0.32434142,
      "z" : 0.059774883
    }, {
      "x" : -0.34954756,
      "y" : -0.49951088,
      "z" : 0.12668367
    }, {
      "x" : -0.3329726,
      "y" : -0.5129203,
      "z" : 0.118396185
    }, {
      "x" : -0.22471191,
      "y" : -0.33775085,
      "z" : 0.051487405
    }, {
      "x" : 0.40151262,
      "y" : 0.073378205,
      "z" : 0.017553167
    }, {
      "x" : 0.618034,
      "y" : 0.073378205,
      "z" : 0.017553167
    }, {
      "x" : -0.07318431,
      "y" : 0.2546963,
      "z" : 0.310932
    }, {
      "x" : -0.059774883,
      "y" : 0.24128687,
      "z" : 0.32434142
    }, {
      "x" : -0.12668367,
      "y" : 0.34954756,
      "z" : 0.49951088
    }, {
      "x" : -0.14009309,
      "y" : 0.36295697,
      "z" : 0.48610148
    }, {
      "x" : 0.27996942,
      "y" : -0.14497975,
      "z" : 0.2604228
    }, {
      "x" : 0.4551389,
      "y" : -0.21188852,
      "z" : 0.3686835
    }, {
      "x" : 0.4551389,
      "y" : -0.23358543,
      "z" : 0.35527405
    }, {
      "x" : 0.27996942,
      "y" : -0.16667666,
      "z" : 0.24701338
    }, {
      "x" : 0.039250076,
      "y" : 0.40151262,
      "z" : -0.06509072
    }, {
      "x" : 0.057781447,
      "y" : 0.40151262,
      "z" : -0.051681295
    }, {
      "x" : 0.057781447,
      "y" : 0.618034,
      "z" : -0.051681295
    }, {
      "x" : 0.039250076,
      "y" : 0.618034,
      "z" : -0.06509072
    }, {
      "x" : 0.051681295,
      "y" : -0.057781447,
      "z" : -0.40151262
    }, {
      "x" : 0.051681295,
      "y" : -0.057781447,
      "z" : -0.618034
    }, {
      "x" : 0.029984389,
      "y" : -0.07119087,
      "z" : -0.618034
    }, {
      "x" : 0.029984389,
      "y" : -0.07119087,
      "z" : -0.40151262
    }, {
      "x" : 0.14656252,
      "y" : 0.13596787,
      "z" : -0.35628223
    }, {
      "x" : 0.17496413,
      "y" : 0.14681633,
      "z" : -0.33872905
    }, {
      "x" : 0.24187292,
      "y" : 0.255077,
      "z" : -0.51389855
    }, {
      "x" : 0.2134713,
      "y" : 0.24422856,
      "z" : -0.5314517
    }, {
      "x" : 0.40151262,
      "y" : -0.06509072,
      "z" : 0.039250076
    }, {
      "x" : 0.40151262,
      "y" : -0.051681295,
      "z" : 0.057781447
    }, {
      "x" : 0.618034,
      "y" : -0.051681295,
      "z" : 0.057781447
    }, {
      "x" : 0.618034,
      "y" : -0.06509072,
      "z" : 0.039250076
    }, {
      "x" : 0.618034,
      "y" : 0.38196602,
      "z" : 0.0
    }, {
      "x" : 0.23606798,
      "y" : 0.618034,
      "z" : 0.0
    }, {
      "x" : 0.3329726,
      "y" : 0.5129203,
      "z" : 0.118396185
    }, {
      "x" : 0.34954756,
      "y" : 0.49951088,
      "z" : 0.12668367
    }, {
      "x" : 0.36295697,
      "y" : 0.48610148,
      "z" : 0.14009309
    }, {
      "x" : -0.12668367,
      "y" : -0.28445682,
      "z" : -0.5397392
    }, {
      "x" : -0.118396185,
      "y" : -0.3112757,
      "z" : -0.52632976
    }, {
      "x" : 0.14656252,
      "y" : 0.13596787,
      "z" : 0.35628223
    }, {
      "x" : 0.12486561,
      "y" : 0.13596787,
      "z" : 0.3645697
    }, {
      "x" : -0.618034,
      "y" : -0.38196602,
      "z" : 0.0
    }, {
      "x" : -0.38196602,
      "y" : -0.38196602,
      "z" : 0.38196602
    }, {
      "x" : -0.46026084,
      "y" : -0.25528234,
      "z" : 0.33357716
    }, {
      "x" : -0.47367024,
      "y" : -0.26356983,
      "z" : 0.3067583
    }, {
      "x" : -0.48707968,
      "y" : -0.26356983,
      "z" : 0.2850614
    }, {
      "x" : -0.5004891,
      "y" : -0.25528234,
      "z" : 0.26848644
    }, {
      "x" : -0.51389855,
      "y" : -0.24187292,
      "z" : 0.255077
    }, {
      "x" : -0.203015,
      "y" : -0.3511603,
      "z" : -0.051487405
    }, {
      "x" : -0.17619614,
      "y" : -0.3645697,
      "z" : -0.059774883
    }, {
      "x" : -0.28445682,
      "y" : -0.5397392,
      "z" : -0.12668367
    }, {
      "x" : -0.3112757,
      "y" : -0.52632976,
      "z" : -0.118396185
    }, {
      "x" : -0.15449923,
      "y" : -0.36969164,
      "z" : 0.08147179
    }, {
      "x" : -0.17619614,
      "y" : -0.3645697,
      "z" : 0.059774883
    }, {
      "x" : -0.28445682,
      "y" : -0.5397392,
      "z" : 0.12668367
    }, {
      "x" : -0.26275992,
      "y" : -0.54486114,
      "z" : 0.14838058
    }, {
      "x" : -0.08147179,
      "y" : 0.15449923,
      "z" : -0.36969164
    }, {
      "x" : -0.059774883,
      "y" : 0.17619614,
      "z" : -0.3645697
    }, {
      "x" : -0.12668367,
      "y" : 0.28445682,
      "z" : -0.5397392
    }, {
      "x" : -0.14838058,
      "y" : 0.26275992,
      "z" : -0.54486114
    }, {
      "x" : -0.27996942,
      "y" : 0.16667666,
      "z" : 0.24701338
    }, {
      "x" : -0.4551389,
      "y" : 0.23358543,
      "z" : 0.35527405
    }, {
      "x" : -0.13596787,
      "y" : 0.35628223,
      "z" : 0.14656252
    }, {
      "x" : -0.13596787,
      "y" : 0.3645697,
      "z" : 0.12486561
    }, {
      "x" : -0.14108981,
      "y" : 0.36969164,
      "z" : 0.103168696
    }, {
      "x" : -0.15449923,
      "y" : 0.36969164,
      "z" : 0.08147179
    }, {
      "x" : -0.17619614,
      "y" : 0.3645697,
      "z" : 0.059774883
    }, {
      "x" : -0.203015,
      "y" : 0.3511603,
      "z" : 0.051487405
    }, {
      "x" : -0.22471191,
      "y" : 0.33775085,
      "z" : 0.051487405
    }, {
      "x" : -0.24128687,
      "y" : 0.32434142,
      "z" : 0.059774883
    }, {
      "x" : -0.2546963,
      "y" : 0.310932,
      "z" : 0.07318431
    }, {
      "x" : -0.26554474,
      "y" : 0.29337883,
      "z" : 0.10158593
    }, {
      "x" : -0.26554474,
      "y" : 0.28509134,
      "z" : 0.123282835
    }, {
      "x" : -0.2604228,
      "y" : 0.27996942,
      "z" : 0.14497975
    }, {
      "x" : -0.24701338,
      "y" : 0.27996942,
      "z" : 0.16667666
    }, {
      "x" : -0.22531646,
      "y" : 0.28509134,
      "z" : 0.18837357
    }, {
      "x" : -0.19849762,
      "y" : 0.29850078,
      "z" : 0.19666104
    }, {
      "x" : -0.17680071,
      "y" : 0.3119102,
      "z" : 0.19666104
    }, {
      "x" : -0.16022575,
      "y" : 0.32531965,
      "z" : 0.18837357
    }, {
      "x" : -0.14681633,
      "y" : 0.33872905,
      "z" : 0.17496413
    }, {
      "x" : -0.29337883,
      "y" : -0.10158593,
      "z" : 0.26554474
    }, {
      "x" : -0.28509134,
      "y" : -0.123282835,
      "z" : 0.26554474
    }, {
      "x" : -0.46026084,
      "y" : -0.19019163,
      "z" : 0.37380543
    }, {
      "x" : -0.4685483,
      "y" : -0.16849472,
      "z" : 0.37380543
    }, {
      "x" : 0.14497975,
      "y" : 0.2604228,
      "z" : 0.27996942
    }, {
      "x" : 0.16667666,
      "y" : 0.24701338,
      "z" : 0.27996942
    }, {
      "x" : 0.23358543,
      "y" : 0.35527405,
      "z" : 0.4551389
    }, {
      "x" : 0.21188852,
      "y" : 0.3686835,
      "z" : 0.4551389
    }, {
      "x" : 0.40151262,
      "y" : -0.029984389,
      "z" : 0.07119087
    }, {
      "x" : 0.618034,
      "y" : -0.029984389,
      "z" : 0.07119087
    }, {
      "x" : 0.017553167,
      "y" : 0.40151262,
      "z" : 0.073378205
    }, {
      "x" : -0.017553167,
      "y" : 0.40151262,
      "z" : 0.073378205
    }, {
      "x" : -0.017553167,
      "y" : 0.618034,
      "z" : 0.073378205
    }, {
      "x" : 0.017553167,
      "y" : 0.618034,
      "z" : 0.073378205
    }, {
      "x" : 0.057781447,
      "y" : -0.40151262,
      "z" : 0.051681295
    }, {
      "x" : 0.07119087,
      "y" : -0.40151262,
      "z" : 0.029984389
    }, {
      "x" : 0.07119087,
      "y" : -0.618034,
      "z" : 0.029984389
    }, {
      "x" : 0.057781447,
      "y" : -0.618034,
      "z" : 0.051681295
    }, {
      "x" : 0.32434142,
      "y" : -0.059774883,
      "z" : -0.24128687
    }, {
      "x" : 0.49951088,
      "y" : -0.12668367,
      "z" : -0.34954756
    }, {
      "x" : 0.5129203,
      "y" : -0.118396185,
      "z" : -0.3329726
    }, {
      "x" : 0.33775085,
      "y" : -0.051487405,
      "z" : -0.22471191
    }, {
      "x" : -0.14681633,
      "y" : -0.33872905,
      "z" : -0.17496413
    }, {
      "x" : -0.16022575,
      "y" : -0.32531965,
      "z" : -0.18837357
    }, {
      "x" : -0.26848644,
      "y" : -0.5004891,
      "z" : -0.25528234
    }, {
      "x" : -0.255077,
      "y" : -0.51389855,
      "z" : -0.24187292
    }, {
      "x" : 0.16667666,
      "y" : -0.24701338,
      "z" : -0.27996942
    }, {
      "x" : 0.18837357,
      "y" : -0.22531646,
      "z" : -0.28509134
    }, {
      "x" : 0.25528234,
      "y" : -0.33357716,
      "z" : -0.46026084
    }, {
      "x" : 0.23358543,
      "y" : -0.35527405,
      "z" : -0.4551389
    }, {
      "x" : -0.057781447,
      "y" : 0.40151262,
      "z" : -0.051681295
    }, {
      "x" : -0.057781447,
      "y" : 0.618034,
      "z" : -0.051681295
    }, {
      "x" : -0.07119087,
      "y" : 0.618034,
      "z" : -0.029984389
    }, {
      "x" : -0.07119087,
      "y" : 0.40151262,
      "z" : -0.029984389
    }, {
      "x" : 0.22471191,
      "y" : 0.33775085,
      "z" : 0.051487405
    }, {
      "x" : -0.3645697,
      "y" : -0.12486561,
      "z" : 0.13596787
    }, {
      "x" : -0.36969164,
      "y" : -0.103168696,
      "z" : 0.14108981
    }, {
      "x" : -0.54486114,
      "y" : -0.17007749,
      "z" : 0.2493505
    }, {
      "x" : -0.5397392,
      "y" : -0.19177438,
      "z" : 0.24422856
    }, {
      "x" : 0.017553167,
      "y" : -0.40151262,
      "z" : 0.073378205
    }, {
      "x" : 0.039250076,
      "y" : -0.40151262,
      "z" : 0.06509072
    }, {
      "x" : 0.039250076,
      "y" : -0.618034,
      "z" : 0.06509072
    }, {
      "x" : 0.017553167,
      "y" : -0.618034,
      "z" : 0.073378205
    }, {
      "x" : 0.38196602,
      "y" : 0.0,
      "z" : -0.618034
    }, {
      "x" : 0.4685483,
      "y" : 0.16849472,
      "z" : -0.37380543
    }, {
      "x" : 0.48610148,
      "y" : 0.14009309,
      "z" : -0.36295697
    }, {
      "x" : 0.49951088,
      "y" : 0.12668367,
      "z" : -0.34954756
    }, {
      "x" : 0.5129203,
      "y" : 0.118396185,
      "z" : -0.3329726
    }, {
      "x" : 0.618034,
      "y" : 0.0,
      "z" : -0.23606798
    }, {
      "x" : 0.15449923,
      "y" : 0.36969164,
      "z" : 0.08147179
    }, {
      "x" : 0.26275992,
      "y" : 0.54486114,
      "z" : 0.14838058
    }, {
      "x" : 0.24701338,
      "y" : -0.27996942,
      "z" : 0.16667666
    }, {
      "x" : 0.35527405,
      "y" : -0.4551389,
      "z" : 0.23358543
    }, {
      "x" : 0.33357716,
      "y" : -0.46026084,
      "z" : 0.25528234
    }, {
      "x" : 0.22531646,
      "y" : -0.28509134,
      "z" : 0.18837357
    }, {
      "x" : -0.26554474,
      "y" : -0.28509134,
      "z" : -0.123282835
    }, {
      "x" : -0.26554474,
      "y" : -0.29337883,
      "z" : -0.10158593
    }, {
      "x" : -0.37380543,
      "y" : -0.4685483,
      "z" : -0.16849472
    }, {
      "x" : -0.37380543,
      "y" : -0.46026084,
      "z" : -0.19019163
    }, {
      "x" : -0.40151262,
      "y" : 0.073378205,
      "z" : 0.017553167
    }, {
      "x" : -0.40151262,
      "y" : 0.06509072,
      "z" : 0.039250076
    }, {
      "x" : -0.618034,
      "y" : 0.06509072,
      "z" : 0.039250076
    }, {
      "x" : -0.618034,
      "y" : 0.073378205,
      "z" : 0.017553167
    }, {
      "x" : 0.029984389,
      "y" : -0.07119087,
      "z" : 0.40151262
    }, {
      "x" : 0.0,
      "y" : -0.07947835,
      "z" : 0.40151262
    }, {
      "x" : 0.0,
      "y" : -0.07947835,
      "z" : 0.618034
    }, {
      "x" : 0.029984389,
      "y" : -0.07119087,
      "z" : 0.618034
    }, {
      "x" : -0.33872905,
      "y" : -0.17496413,
      "z" : 0.14681633
    }, {
      "x" : -0.35628223,
      "y" : -0.14656252,
      "z" : 0.13596787
    }, {
      "x" : -0.5314517,
      "y" : -0.2134713,
      "z" : 0.24422856
    }, {
      "x" : 0.029984389,
      "y" : 0.07119087,
      "z" : 0.40151262
    }, {
      "x" : 0.029984389,
      "y" : 0.07119087,
      "z" : 0.618034
    }, {
      "x" : 0.0,
      "y" : 0.07947835,
      "z" : 0.618034
    }, {
      "x" : 0.0,
      "y" : 0.07947835,
      "z" : 0.40151262
    }, {
      "x" : 0.16022575,
      "y" : 0.32531965,
      "z" : 0.18837357
    }, {
      "x" : 0.26848644,
      "y" : 0.5004891,
      "z" : 0.25528234
    }, {
      "x" : 0.2850614,
      "y" : 0.48707968,
      "z" : 0.26356983
    }, {
      "x" : 0.17680071,
      "y" : 0.3119102,
      "z" : 0.19666104
    }, {
      "x" : 0.54486114,
      "y" : 0.14838058,
      "z" : -0.26275992
    }, {
      "x" : 0.54486114,
      "y" : 0.17007749,
      "z" : -0.2493505
    }, {
      "x" : -0.13596787,
      "y" : -0.3645697,
      "z" : 0.12486561
    }, {
      "x" : -0.14108981,
      "y" : -0.36969164,
      "z" : 0.103168696
    }, {
      "x" : -0.2493505,
      "y" : -0.54486114,
      "z" : 0.17007749
    }, {
      "x" : -0.24422856,
      "y" : -0.5397392,
      "z" : 0.19177438
    }, {
      "x" : 0.123282835,
      "y" : -0.26554474,
      "z" : 0.28509134
    }, {
      "x" : 0.10158593,
      "y" : -0.26554474,
      "z" : 0.29337883
    }, {
      "x" : 0.16849472,
      "y" : -0.37380543,
      "z" : 0.4685483
    }, {
      "x" : 0.19019163,
      "y" : -0.37380543,
      "z" : 0.46026084
    }, {
      "x" : 0.17680071,
      "y" : -0.3119102,
      "z" : 0.19666104
    }, {
      "x" : 0.19849762,
      "y" : -0.29850078,
      "z" : 0.19666104
    }, {
      "x" : 0.3067583,
      "y" : -0.47367024,
      "z" : 0.26356983
    }, {
      "x" : 0.2850614,
      "y" : -0.48707968,
      "z" : 0.26356983
    }, {
      "x" : -0.29337883,
      "y" : 0.10158593,
      "z" : 0.26554474
    }, {
      "x" : -0.28509134,
      "y" : 0.123282835,
      "z" : 0.26554474
    }, {
      "x" : -0.27996942,
      "y" : 0.14497975,
      "z" : 0.2604228
    }, {
      "x" : -0.3119102,
      "y" : 0.19666104,
      "z" : 0.17680071
    }, {
      "x" : -0.32531965,
      "y" : 0.18837357,
      "z" : 0.16022575
    }, {
      "x" : -0.33872905,
      "y" : 0.17496413,
      "z" : 0.14681633
    }, {
      "x" : -0.35628223,
      "y" : 0.14656252,
      "z" : 0.13596787
    }, {
      "x" : -0.3645697,
      "y" : 0.12486561,
      "z" : 0.13596787
    }, {
      "x" : -0.36969164,
      "y" : 0.103168696,
      "z" : 0.14108981
    }, {
      "x" : -0.36969164,
      "y" : 0.08147179,
      "z" : 0.15449923
    }, {
      "x" : -0.3645697,
      "y" : 0.059774883,
      "z" : 0.17619614
    }, {
      "x" : -0.3511603,
      "y" : 0.051487405,
      "z" : 0.203015
    }, {
      "x" : -0.33775085,
      "y" : 0.051487405,
      "z" : 0.22471191
    }, {
      "x" : -0.32434142,
      "y" : 0.059774883,
      "z" : 0.24128687
    }, {
      "x" : -0.310932,
      "y" : 0.07318431,
      "z" : 0.2546963
    }, {
      "x" : 0.29337883,
      "y" : -0.10158593,
      "z" : 0.26554474
    }, {
      "x" : 0.310932,
      "y" : -0.07318431,
      "z" : 0.2546963
    }, {
      "x" : 0.48610148,
      "y" : -0.14009309,
      "z" : 0.36295697
    }, {
      "x" : 0.4685483,
      "y" : -0.16849472,
      "z" : 0.37380543
    }, {
      "x" : -0.3511603,
      "y" : 0.051487405,
      "z" : -0.203015
    }, {
      "x" : -0.52632976,
      "y" : 0.118396185,
      "z" : -0.3112757
    }, {
      "x" : -0.5397392,
      "y" : 0.12668367,
      "z" : -0.28445682
    }, {
      "x" : -0.3645697,
      "y" : 0.059774883,
      "z" : -0.17619614
    }, {
      "x" : 0.3511603,
      "y" : 0.051487405,
      "z" : 0.203015
    }, {
      "x" : 0.52632976,
      "y" : 0.118396185,
      "z" : 0.3112757
    }, {
      "x" : 0.5397392,
      "y" : 0.12668367,
      "z" : 0.28445682
    }, {
      "x" : 0.3645697,
      "y" : 0.059774883,
      "z" : 0.17619614
    }, {
      "x" : 0.051681295,
      "y" : 0.057781447,
      "z" : -0.40151262
    }, {
      "x" : 0.029984389,
      "y" : 0.07119087,
      "z" : -0.40151262
    }, {
      "x" : 0.029984389,
      "y" : 0.07119087,
      "z" : -0.618034
    }, {
      "x" : 0.051681295,
      "y" : 0.057781447,
      "z" : -0.618034
    }, {
      "x" : -0.07947835,
      "y" : 0.618034,
      "z" : 0.0
    }, {
      "x" : -0.07947835,
      "y" : 0.40151262,
      "z" : 0.0
    }, {
      "x" : 0.40151262,
      "y" : -0.073378205,
      "z" : 0.017553167
    }, {
      "x" : 0.618034,
      "y" : -0.073378205,
      "z" : 0.017553167
    }, {
      "x" : 0.38196602,
      "y" : -0.38196602,
      "z" : 0.38196602
    }, {
      "x" : 0.46026084,
      "y" : -0.25528234,
      "z" : 0.33357716
    }, {
      "x" : 0.46026084,
      "y" : -0.19019163,
      "z" : 0.37380543
    }, {
      "x" : -0.24422856,
      "y" : 0.5397392,
      "z" : 0.19177438
    }, {
      "x" : -0.2493505,
      "y" : 0.54486114,
      "z" : 0.17007749
    }, {
      "x" : 0.37380543,
      "y" : -0.4685483,
      "z" : 0.16849472
    }, {
      "x" : 0.37380543,
      "y" : -0.46026084,
      "z" : 0.19019163
    }, {
      "x" : 0.26554474,
      "y" : -0.28509134,
      "z" : 0.123282835
    }, {
      "x" : 0.26554474,
      "y" : -0.29337883,
      "z" : 0.10158593
    }, {
      "x" : 0.51389855,
      "y" : 0.24187292,
      "z" : 0.255077
    }, {
      "x" : 0.5314517,
      "y" : 0.2134713,
      "z" : 0.24422856
    }, {
      "x" : 0.5397392,
      "y" : 0.19177438,
      "z" : 0.24422856
    }, {
      "x" : 0.54486114,
      "y" : 0.17007749,
      "z" : 0.2493505
    }, {
      "x" : 0.54486114,
      "y" : 0.14838058,
      "z" : 0.26275992
    }, {
      "x" : 0.618034,
      "y" : 0.0,
      "z" : 0.23606798
    }, {
      "x" : -0.13596787,
      "y" : 0.35628223,
      "z" : -0.14656252
    }, {
      "x" : -0.13596787,
      "y" : 0.3645697,
      "z" : -0.12486561
    }, {
      "x" : -0.24422856,
      "y" : 0.5397392,
      "z" : -0.19177438
    }, {
      "x" : -0.24422856,
      "y" : 0.5314517,
      "z" : -0.2134713
    }, {
      "x" : -0.12486561,
      "y" : 0.13596787,
      "z" : 0.3645697
    }, {
      "x" : -0.19177438,
      "y" : 0.24422856,
      "z" : 0.5397392
    }, {
      "x" : -0.17007749,
      "y" : 0.2493505,
      "z" : 0.54486114
    }, {
      "x" : -0.103168696,
      "y" : 0.14108981,
      "z" : 0.36969164
    }, {
      "x" : 0.24128687,
      "y" : -0.32434142,
      "z" : -0.059774883
    }, {
      "x" : 0.34954756,
      "y" : -0.49951088,
      "z" : -0.12668367
    }, {
      "x" : 0.3329726,
      "y" : -0.5129203,
      "z" : -0.118396185
    }, {
      "x" : 0.22471191,
      "y" : -0.33775085,
      "z" : -0.051487405
    }, {
      "x" : 0.08147179,
      "y" : -0.15449923,
      "z" : -0.36969164
    }, {
      "x" : 0.059774883,
      "y" : -0.17619614,
      "z" : -0.3645697
    }, {
      "x" : 0.12668367,
      "y" : -0.28445682,
      "z" : -0.5397392
    }, {
      "x" : 0.14838058,
      "y" : -0.26275992,
      "z" : -0.54486114
    }, {
      "x" : 0.07947835,
      "y" : -0.40151262,
      "z" : 0.0
    }, {
      "x" : 0.07947835,
      "y" : -0.618034,
      "z" : 0.0
    }, {
      "x" : 0.32531965,
      "y" : 0.18837357,
      "z" : 0.16022575
    }, {
      "x" : 0.33872905,
      "y" : 0.17496413,
      "z" : 0.14681633
    }, {
      "x" : 0.5004891,
      "y" : 0.25528234,
      "z" : 0.26848644
    }, {
      "x" : -0.618034,
      "y" : 0.38196602,
      "z" : 0.0
    }, {
      "x" : -0.618034,
      "y" : 0.0,
      "z" : -0.23606798
    }, {
      "x" : -0.618034,
      "y" : 0.0,
      "z" : -0.07947835
    }, {
      "x" : -0.618034,
      "y" : 0.029984389,
      "z" : -0.07119087
    }, {
      "x" : -0.618034,
      "y" : 0.051681295,
      "z" : -0.057781447
    }, {
      "x" : -0.618034,
      "y" : 0.06509072,
      "z" : -0.039250076
    }, {
      "x" : -0.618034,
      "y" : 0.073378205,
      "z" : -0.017553167
    }, {
      "x" : -0.5314517,
      "y" : -0.2134713,
      "z" : -0.24422856
    }, {
      "x" : -0.5397392,
      "y" : -0.19177438,
      "z" : -0.24422856
    }, {
      "x" : -0.3645697,
      "y" : -0.12486561,
      "z" : -0.13596787
    }, {
      "x" : -0.35628223,
      "y" : -0.14656252,
      "z" : -0.13596787
    }, {
      "x" : 0.0,
