{
  "polygons" : "true",
  "field" : "golden",
  "symmetry" : "icosahedral",
  "orientations" : [ [ 1.0, 0.0, 0.0, 0.0, 0.0, 1.0, 0.0, 0.0, 0.0, 0.0, 1.0, 0.0, 0.0, 0.0, 0.0, 1.0 ], [ 0.0, 0.0, 1.0, 0.0, 1.0, 0.0, 0.0, 0.0, 0.0, 1.0, 0.0, 0.0, 0.0, 0.0, 0.0, 1.0 ], [ 0.0, 1.0, 0.0, 0.0, 0.0, 0.0, 1.0, 0.0, 1.0, 0.0, 0.0, 0.0, 0.0, 0.0, 0.0, 1.0 ], [ 0.809017, 0.309017, 0.5, 0.0, 0.309017, 0.5, -0.809017, 0.0, -0.5, 0.809017, 0.309017, 0.0, 0.0, 0.0, 0.0, 1.0 ], [ -0.5, 0.809017, 0.309017, 0.0, 0.809017, 0.309017, 0.5, 0.0, 0.309017, 0.5, -0.809017, 0.0, 0.0, 0.0, 0.0, 1.0 ], [ 0.309017, 0.5, -0.809017, 0.0, -0.5, 0.809017, 0.309017, 0.0, 0.809017, 0.309017, 0.5, 0.0, 0.0, 0.0, 0.0, 1.0 ], [ 0.5, 0.809017, 0.309017, 0.0, 0.809017, -0.309017, -0.5, 0.0, -0.309017, 0.5, -0.809017, 0.0, 0.0, 0.0, 0.0, 1.0 ], [ -0.309017, 0.5, -0.809017, 0.0, 0.5, 0.809017, 0.309017, 0.0, 0.809017, -0.309017, -0.5, 0.0, 0.0, 0.0, 0.0, 1.0 ], [ 0.809017, -0.309017, -0.5, 0.0, -0.309017, 0.5, -0.809017, 0.0, 0.5, 0.809017, 0.309017, 0.0, 0.0, 0.0, 0.0, 1.0 ], [ 0.5, 0.809017, -0.309017, 0.0, 0.809017, -0.309017, 0.5, 0.0, 0.309017, -0.5, -0.809017, 0.0, 0.0, 0.0, 0.0, 1.0 ], [ 0.309017, -0.5, -0.809017, 0.0, 0.5, 0.809017, -0.309017, 0.0, 0.809017, -0.309017, 0.5, 0.0, 0.0, 0.0, 0.0, 1.0 ], [ 0.809017, -0.309017, 0.5, 0.0, 0.309017, -0.5, -0.809017, 0.0, 0.5, 0.809017, -0.309017, 0.0, 0.0, 0.0, 0.0, 1.0 ], [ 0.809017, 0.309017, -0.5, 0.0, 0.309017, 0.5, 0.809017, 0.0, 0.5, -0.809017, 0.309017, 0.0, 0.0, 0.0, 0.0, 1.0 ], [ 0.5, -0.809017, 0.309017, 0.0, 0.809017, 0.309017, -0.5, 0.0, 0.309017, 0.5, 0.809017, 0.0, 0.0, 0.0, 0.0, 1.0 ], [ 0.309017, 0.5, 0.809017, 0.0, 0.5, -0.809017, 0.309017, 0.0, 0.809017, 0.309017, -0.5, 0.0, 0.0, 0.0, 0.0, 1.0 ], [ 1.0, 0.0, 0.0, 0.0, 0.0, -1.0, 0.0, 0.0, 0.0, 0.0, -1.0, 0.0, 0.0, 0.0, 0.0, 1.0 ], [ 0.0, 0.0, 1.0, 0.0, -1.0, 0.0, 0.0, 0.0, 0.0, -1.0, 0.0, 0.0, 0.0, 0.0, 0.0, 1.0 ], [ 0.0, 1.0, 0.0, 0.0, 0.0, 0.0, -1.0, 0.0, -1.0, 0.0, 0.0, 0.0, 0.0, 0.0, 0.0, 1.0 ], [ 0.809017, 0.309017, 0.5, 0.0, -0.309017, -0.5, 0.809017, 0.0, 0.5, -0.809017, -0.309017, 0.0, 0.0, 0.0, 0.0, 1.0 ], [ -0.5, 0.809017, 0.309017, 0.0, -0.809017, -0.309017, -0.5, 0.0, -0.309017, -0.5, 0.809017, 0.0, 0.0, 0.0, 0.0, 1.0 ], [ 0.309017, 0.5, -0.809017, 0.0, 0.5, -0.809017, -0.309017, 0.0, -0.809017, -0.309017, -0.5, 0.0, 0.0, 0.0, 0.0, 1.0 ], [ 0.5, 0.809017, 0.309017, 0.0, -0.809017, 0.309017, 0.5, 0.0, 0.309017, -0.5, 0.809017, 0.0, 0.0, 0.0, 0.0, 1.0 ], [ -0.309017, 0.5, -0.809017, 0.0, -0.5, -0.809017, -0.309017, 0.0, -0.809017, 0.309017, 0.5, 0.0, 0.0, 0.0, 0.0, 1.0 ], [ 0.809017, -0.309017, -0.5, 0.0, 0.309017, -0.5, 0.809017, 0.0, -0.5, -0.809017, -0.309017, 0.0, 0.0, 0.0, 0.0, 1.0 ], [ 0.5, 0.809017, -0.309017, 0.0, -0.809017, 0.309017, -0.5, 0.0, -0.309017, 0.5, 0.809017, 0.0, 0.0, 0.0, 0.0, 1.0 ], [ 0.309017, -0.5, -0.809017, 0.0, -0.5, -0.809017, 0.309017, 0.0, -0.809017, 0.309017, -0.5, 0.0, 0.0, 0.0, 0.0, 1.0 ], [ 0.809017, -0.309017, 0.5, 0.0, -0.309017, 0.5, 0.809017, 0.0, -0.5, -0.809017, 0.309017, 0.0, 0.0, 0.0, 0.0, 1.0 ], [ 0.809017, 0.309017, -0.5, 0.0, -0.309017, -0.5, -0.809017, 0.0, -0.5, 0.809017, -0.309017, 0.0, 0.0, 0.0, 0.0, 1.0 ], [ 0.5, -0.809017, 0.309017, 0.0, -0.809017, -0.309017, 0.5, 0.0, -0.309017, -0.5, -0.809017, 0.0, 0.0, 0.0, 0.0, 1.0 ], [ 0.309017, 0.5, 0.809017, 0.0, -0.5, 0.809017, -0.309017, 0.0, -0.809017, -0.309017, 0.5, 0.0, 0.0, 0.0, 0.0, 1.0 ], [ -1.0, 0.0, 0.0, 0.0, 0.0, -1.0, 0.0, 0.0, 0.0, 0.0, 1.0, 0.0, 0.0, 0.0, 0.0, 1.0 ], [ 0.0, 0.0, -1.0, 0.0, -1.0, 0.0, 0.0, 0.0, 0.0, 1.0, 0.0, 0.0, 0.0, 0.0, 0.0, 1.0 ], [ 0.0, -1.0, 0.0, 0.0, 0.0, 0.0, -1.0, 0.0, 1.0, 0.0, 0.0, 0.0, 0.0, 0.0, 0.0, 1.0 ], [ -0.809017, -0.309017, -0.5, 0.0, -0.309017, -0.5, 0.809017, 0.0, -0.5, 0.809017, 0.309017, 0.0, 0.0, 0.0, 0.0, 1.0 ], [ 0.5, -0.809017, -0.309017, 0.0, -0.809017, -0.309017, -0.5, 0.0, 0.309017, 0.5, -0.809017, 0.0, 0.0, 0.0, 0.0, 1.0 ], [ -0.309017, -0.5, 0.809017, 0.0, 0.5, -0.809017, -0.309017, 0.0, 0.809017, 0.309017, 0.5, 0.0, 0.0, 0.0, 0.0, 1.0 ], [ -0.5, -0.809017, -0.309017, 0.0, -0.809017, 0.309017, 0.5, 0.0, -0.309017, 0.5, -0.809017, 0.0, 0.0, 0.0, 0.0, 1.0 ], [ 0.309017, -0.5, 0.809017, 0.0, -0.5, -0.809017, -0.309017, 0.0, 0.809017, -0.309017, -0.5, 0.0, 0.0, 0.0, 0.0, 1.0 ], [ -0.809017, 0.309017, 0.5, 0.0, 0.309017, -0.5, 0.809017, 0.0, 0.5, 0.809017, 0.309017, 0.0, 0.0, 0.0, 0.0, 1.0 ], [ -0.5, -0.809017, 0.309017, 0.0, -0.809017, 0.309017, -0.5, 0.0, 0.309017, -0.5, -0.809017, 0.0, 0.0, 0.0, 0.0, 1.0 ], [ -0.309017, 0.5, 0.809017, 0.0, -0.5, -0.809017, 0.309017, 0.0, 0.809017, -0.309017, 0.5, 0.0, 0.0, 0.0, 0.0, 1.0 ], [ -0.809017, 0.309017, -0.5, 0.0, -0.309017, 0.5, 0.809017, 0.0, 0.5, 0.809017, -0.309017, 0.0, 0.0, 0.0, 0.0, 1.0 ], [ -0.809017, -0.309017, 0.5, 0.0, -0.309017, -0.5, -0.809017, 0.0, 0.5, -0.809017, 0.309017, 0.0, 0.0, 0.0, 0.0, 1.0 ], [ -0.5, 0.809017, -0.309017, 0.0, -0.809017, -0.309017, 0.5, 0.0, 0.309017, 0.5, 0.809017, 0.0, 0.0, 0.0, 0.0, 1.0 ], [ -0.309017, -0.5, -0.809017, 0.0, -0.5, 0.809017, -0.309017, 0.0, 0.809017, 0.309017, -0.5, 0.0, 0.0, 0.0, 0.0, 1.0 ], [ -1.0, 0.0, 0.0, 0.0, 0.0, 1.0, 0.0, 0.0, 0.0, 0.0, -1.0, 0.0, 0.0, 0.0, 0.0, 1.0 ], [ 0.0, 0.0, -1.0, 0.0, 1.0, 0.0, 0.0, 0.0, 0.0, -1.0, 0.0, 0.0, 0.0, 0.0, 0.0, 1.0 ], [ 0.0, -1.0, 0.0, 0.0, 0.0, 0.0, 1.0, 0.0, -1.0, 0.0, 0.0, 0.0, 0.0, 0.0, 0.0, 1.0 ], [ -0.809017, -0.309017, -0.5, 0.0, 0.309017, 0.5, -0.809017, 0.0, 0.5, -0.809017, -0.309017, 0.0, 0.0, 0.0, 0.0, 1.0 ], [ 0.5, -0.809017, -0.309017, 0.0, 0.809017, 0.309017, 0.5, 0.0, -0.309017, -0.5, 0.809017, 0.0, 0.0, 0.0, 0.0, 1.0 ], [ -0.309017, -0.5, 0.809017, 0.0, -0.5, 0.809017, 0.309017, 0.0, -0.809017, -0.309017, -0.5, 0.0, 0.0, 0.0, 0.0, 1.0 ], [ -0.5, -0.809017, -0.309017, 0.0, 0.809017, -0.309017, -0.5, 0.0, 0.309017, -0.5, 0.809017, 0.0, 0.0, 0.0, 0.0, 1.0 ], [ 0.309017, -0.5, 0.809017, 0.0, 0.5, 0.809017, 0.309017, 0.0, -0.809017, 0.309017, 0.5, 0.0, 0.0, 0.0, 0.0, 1.0 ], [ -0.809017, 0.309017, 0.5, 0.0, -0.309017, 0.5, -0.809017, 0.0, -0.5, -0.809017, -0.309017, 0.0, 0.0, 0.0, 0.0, 1.0 ], [ -0.5, -0.809017, 0.309017, 0.0, 0.809017, -0.309017, 0.5, 0.0, -0.309017, 0.5, 0.809017, 0.0, 0.0, 0.0, 0.0, 1.0 ], [ -0.309017, 0.5, 0.809017, 0.0, 0.5, 0.809017, -0.309017, 0.0, -0.809017, 0.309017, -0.5, 0.0, 0.0, 0.0, 0.0, 1.0 ], [ -0.809017, 0.309017, -0.5, 0.0, 0.309017, -0.5, -0.809017, 0.0, -0.5, -0.809017, 0.309017, 0.0, 0.0, 0.0, 0.0, 1.0 ], [ -0.809017, -0.309017, 0.5, 0.0, 0.309017, 0.5, 0.809017, 0.0, -0.5, 0.809017, -0.309017, 0.0, 0.0, 0.0, 0.0, 1.0 ], [ -0.5, 0.809017, -0.309017, 0.0, 0.809017, 0.309017, -0.5, 0.0, -0.309017, -0.5, -0.809017, 0.0, 0.0, 0.0, 0.0, 1.0 ], [ -0.309017, -0.5, -0.809017, 0.0, 0.5, -0.809017, 0.309017, 0.0, -0.809017, -0.309017, 0.5, 0.0, 0.0, 0.0, 0.0, 1.0 ] ],
  "lights" : {
    "directionalLights" : [ {
      "direction" : [ 1.0, -1.0, -1.0 ],
      "color" : "#EBEBE4"
    }, {
      "direction" : [ -1.0, 0.0, 0.0 ],
      "color" : "#E4E4EB"
    }, {
      "direction" : [ 0.0, 0.0, -1.0 ],
      "color" : "#1E1E1E"
    } ],
    "ambientColor" : "#292929",
    "backgroundColor" : "#AFC8DC"
  },
  "camera" : {
    "width" : 48.92907,
    "stereo" : false,
    "nearClipDistance" : 0.27182817,
    "farClipDistance" : 217.46254,
    "viewDistance" : 108.73127,
    "lookAtPoint" : {
      "x" : 0.0,
      "y" : 0.0,
      "z" : 0.0
    },
    "fieldOfView" : 0.44262886,
    "perspective" : true,
    "lookDirection" : {
      "x" : -0.037905212,
      "y" : -0.5926177,
      "z" : -0.80458874
    },
    "upDirection" : {
      "x" : 0.9650197,
      "y" : -0.23073815,
      "z" : 0.12448884
    },
    "position" : {
      "x" : 4.121482,
      "y" : 64.43607,
      "z" : 87.483955
    }
  },
  "embedding" : [ 1.0, 0.0, 0.0, 0.0, 0.0, 1.0, 0.0, 0.0, 0.0, 0.0, 1.0, 0.0, 0.0, 0.0, 0.0, 1.0 ],
  "shapes" : [ {
    "id" : "34b220ea-20bc-44d5-900c-fab7fd9ce64e",
    "vertices" : [ {
      "x" : 0.0,
      "y" : 0.0,
      "z" : 0.0
    }, {
      "x" : 5.236068,
      "y" : -5.236068,
      "z" : 0.0
    }, {
      "x" : 3.927051,
      "y" : -3.118034,
      "z" : -3.427051
    } ],
    "faces" : [ {
      "vertices" : [ 0, 1, 2 ]
    }, {
      "vertices" : [ 0, 2, 1 ]
    } ]
  } ],
  "instances" : [ {
    "shape" : "34b220ea-20bc-44d5-900c-fab7fd9ce64e",
    "color" : "#B1B87F",
    "position" : {
      "x" : 0.0,
      "y" : 9.472136,
      "z" : -5.854102
    },
    "orientation" : 34
  }, {
    "shape" : "34b220ea-20bc-44d5-900c-fab7fd9ce64e",
    "color" : "#B1B87F",
    "position" : {
      "x" : 5.854102,
      "y" : 0.0,
      "z" : 9.472136
    },
    "orientation" : 47
  }, {
    "shape" : "34b220ea-20bc-44d5-900c-fab7fd9ce64e",
    "color" : "#B1B87F",
    "position" : {
      "x" : 5.854102,
      "y" : 0.0,
      "z" : -9.472136
    },
    "orientation" : 41
  }, {
    "shape" : "34b220ea-20bc-44d5-900c-fab7fd9ce64e",
    "color" : "#B1B87F",
    "position" : {
      "x" : 5.854102,
      "y" : 0.0,
      "z" : 9.472136
    },
    "orientation" : 53
  }, {
    "shape" : "34b220ea-20bc-44d5-900c-fab7fd9ce64e",
    "color" : "#B1B87F",
    "position" : {
      "x" : 0.0,
      "y" : -9.472136,
      "z" : -5.854102
    },
    "orientation" : 13
  }, {
    "shape" : "34b220ea-20bc-44d5-900c-fab7fd9ce64e",
    "color" : "#B1B87F",
    "position" : {
      "x" : 9.472136,
      "y" : 5.854102,
      "z" : 0.0
    },
    "orientation" : 36
  }, {
    "shape" : "34b220ea-20bc-44d5-900c-fab7fd9ce64e",
    "color" : "#B1B87F",
    "position" : {
      "x" : 9.472136,
      "y" : -5.854102,
      "z" : 0.0
    },
    "orientation" : 57
  }, {
    "shape" : "34b220ea-20bc-44d5-900c-fab7fd9ce64e",
    "color" : "#B1B87F",
    "position" : {
      "x" : 9.472136,
      "y" : -5.854102,
      "z" : 0.0
    },
    "orientation" : 45
  }, {
    "shape" : "34b220ea-20bc-44d5-900c-fab7fd9ce64e",
    "color" : "#B1B87F",
    "position" : {
      "x" : 5.854102,
      "y" : 0.0,
      "z" : 9.472136
    },
    "orientation" : 59
  }, {
    "shape" : "34b220ea-20bc-44d5-900c-fab7fd9ce64e",
    "color" : "#B1B87F",
    "position" : {
      "x" : 5.854102,
      "y" : 0.0,
      "z" : -9.472136
    },
    "orientation" : 35
  }, {
    "shape" : "34b220ea-20bc-44d5-900c-fab7fd9ce64e",
    "color" : "#B1B87F",
    "position" : {
      "x" : 0.0,
      "y" : 9.472136,
      "z" : -5.854102
    },
    "orientation" : 43
  }, {
    "shape" : "34b220ea-20bc-44d5-900c-fab7fd9ce64e",
    "color" : "#B1B87F",
    "position" : {
      "x" : -5.854102,
      "y" : 0.0,
      "z" : 9.472136
    },
    "orientation" : 26
  }, {
    "shape" : "34b220ea-20bc-44d5-900c-fab7fd9ce64e",
    "color" : "#B1B87F",
    "position" : {
      "x" : -9.472136,
      "y" : -5.854102,
      "z" : 0.0
    },
    "orientation" : 12
  }, {
    "shape" : "34b220ea-20bc-44d5-900c-fab7fd9ce64e",
    "color" : "#B1B87F",
    "position" : {
      "x" : -9.472136,
      "y" : -5.854102,
      "z" : 0.0
    },
    "orientation" : 0
  }, {
    "shape" : "34b220ea-20bc-44d5-900c-fab7fd9ce64e",
    "color" : "#B1B87F",
    "position" : {
      "x" : 0.0,
      "y" : 9.472136,
      "z" : -5.854102
    },
    "orientation" : 31
  }, {
    "shape" : "34b220ea-20bc-44d5-900c-fab7fd9ce64e",
    "color" : "#B1B87F",
    "position" : {
      "x" : 9.472136,
      "y" : -5.854102,
      "z" : 0.0
    },
    "orientation" : 54
  }, {
    "shape" : "34b220ea-20bc-44d5-900c-fab7fd9ce64e",
    "color" : "#B1B87F",
    "position" : {
      "x" : 9.472136,
      "y" : 5.854102,
      "z" : 0.0
    },
    "orientation" : 39
  }, {
    "shape" : "34b220ea-20bc-44d5-900c-fab7fd9ce64e",
    "color" : "#B1B87F",
    "position" : {
      "x" : -9.472136,
      "y" : 5.854102,
      "z" : 0.0
    },
    "orientation" : 27
  }, {
    "shape" : "34b220ea-20bc-44d5-900c-fab7fd9ce64e",
    "color" : "#B1B87F",
    "position" : {
      "x" : -5.854102,
      "y" : 0.0,
      "z" : -9.472136
    },
    "orientation" : 2
  }, {
    "shape" : "34b220ea-20bc-44d5-900c-fab7fd9ce64e",
    "color" : "#B1B87F",
    "position" : {
      "x" : 0.0,
      "y" : -9.472136,
      "z" : 5.854102
    },
    "orientation" : 55
  }, {
    "shape" : "34b220ea-20bc-44d5-900c-fab7fd9ce64e",
    "color" : "#B1B87F",
    "position" : {
      "x" : -9.472136,
      "y" : -5.854102,
      "z" : 0.0
    },
    "orientation" : 9
  }, {
    "shape" : "34b220ea-20bc-44d5-900c-fab7fd9ce64e",
    "color" : "#B1B87F",
    "position" : {
      "x" : -5.854102,
      "y" : 0.0,
      "z" : -9.472136
    },
    "orientation" : 11
  }, {
    "shape" : "34b220ea-20bc-44d5-900c-fab7fd9ce64e",
    "color" : "#B1B87F",
    "position" : {
      "x" : -5.854102,
      "y" : 0.0,
      "z" : 9.472136
    },
    "orientation" : 17
  }, {
    "shape" : "34b220ea-20bc-44d5-900c-fab7fd9ce64e",
    "color" : "#B1B87F",
    "position" : {
      "x" : -5.854102,
      "y" : 0.0,
      "z" : -9.472136
    },
    "orientation" : 5
  }, {
    "shape" : "34b220ea-20bc-44d5-900c-fab7fd9ce64e",
    "color" : "#B1B87F",
    "position" : {
      "x" : 0.0,
      "y" : -9.472136,
      "z" : -5.854102
    },
    "orientation" : 7
  }, {
    "shape" : "34b220ea-20bc-44d5-900c-fab7fd9ce64e",
    "color" : "#B1B87F",
    "position" : {
      "x" : 0.0,
      "y" : 9.472136,
      "z" : 5.854102
    },
    "orientation" : 22
  }, {
    "shape" : "34b220ea-20bc-44d5-900c-fab7fd9ce64e",
    "color" : "#B1B87F",
    "position" : {
      "x" : 5.854102,
      "y" : 0.0,
      "z" : -9.472136
    },
    "orientation" : 38
  }, {
    "shape" : "34b220ea-20bc-44d5-900c-fab7fd9ce64e",
    "color" : "#B1B87F",
    "position" : {
      "x" : 0.0,
      "y" : -9.472136,
      "z" : -5.854102
    },
    "orientation" : 10
  }, {
    "shape" : "34b220ea-20bc-44d5-900c-fab7fd9ce64e",
    "color" : "#B1B87F",
    "position" : {
      "x" : -5.854102,
      "y" : 0.0,
      "z" : -9.472136
    },
    "orientation" : 14
  }, {
    "shape" : "34b220ea-20bc-44d5-900c-fab7fd9ce64e",
    "color" : "#B1B87F",
    "position" : {
      "x" : 0.0,
      "y" : 9.472136,
      "z" : 5.854102
    },
    "orientation" : 16
  }, {
    "shape" : "34b220ea-20bc-44d5-900c-fab7fd9ce64e",
    "color" : "#B1B87F",
    "position" : {
      "x" : -5.854102,
      "y" : 0.0,
      "z" : 9.472136
    },
    "orientation" : 20
  }, {
    "shape" : "34b220ea-20bc-44d5-900c-fab7fd9ce64e",
    "color" : "#B1B87F",
    "position" : {
      "x" : -9.472136,
      "y" : 5.854102,
      "z" : 0.0
    },
    "orientation" : 18
  }, {
    "shape" : "34b220ea-20bc-44d5-900c-fab7fd9ce64e",
    "color" : "#B1B87F",
    "position" : {
      "x" : 0.0,
      "y" : -9.472136,
      "z" : 5.854102
    },
    "orientation" : 52
  }, {
    "shape" : "34b220ea-20bc-44d5-900c-fab7fd9ce64e",
    "color" : "#B1B87F",
    "position" : {
      "x" : 0.0,
      "y" : -9.472136,
      "z" : -5.854102
    },
    "orientation" : 1
  }, {
    "shape" : "34b220ea-20bc-44d5-900c-fab7fd9ce64e",
    "color" : "#B1B87F",
    "position" : {
      "x" : -5.854102,
      "y" : 0.0,
      "z" : -9.472136
    },
    "orientation" : 8
  }, {
    "shape" : "34b220ea-20bc-44d5-900c-fab7fd9ce64e",
    "color" : "#B1B87F",
    "position" : {
      "x" : 0.0,
      "y" : -9.472136,
      "z" : 5.854102
    },
    "orientation" : 58
  }, {
    "shape" : "34b220ea-20bc-44d5-900c-fab7fd9ce64e",
    "color" : "#B1B87F",
    "position" : {
      "x" : 0.0,
      "y" : -9.472136,
      "z" : 5.854102
    },
    "orientation" : 49
  }, {
    "shape" : "34b220ea-20bc-44d5-900c-fab7fd9ce64e",
    "color" : "#B1B87F",
    "position" : {
      "x" : 0.0,
      "y" : 9.472136,
      "z" : 5.854102
    },
    "orientation" : 25
  }, {
    "shape" : "34b220ea-20bc-44d5-900c-fab7fd9ce64e",
    "color" : "#B1B87F",
    "position" : {
      "x" : 0.0,
      "y" : 9.472136,
      "z" : -5.854102
    },
    "orientation" : 37
  }, {
    "shape" : "34b220ea-20bc-44d5-900c-fab7fd9ce64e",
    "color" : "#B1B87F",
    "position" : {
      "x" : 0.0,
      "y" : 9.472136,
      "z" : -5.854102
    },
    "orientation" : 40
  }, {
    "shape" : "34b220ea-20bc-44d5-900c-fab7fd9ce64e",
    "color" : "#B1B87F",
    "position" : {
      "x" : 9.472136,
      "y" : 5.854102,
      "z" : 0.0
    },
    "orientation" : 42
  }, {
    "shape" : "34b220ea-20bc-44d5-900c-fab7fd9ce64e",
    "color" : "#B1B87F",
    "position" : {
      "x" : 5.854102,
      "y" : 0.0,
      "z" : 9.472136
    },
    "orientation" : 56
  }, {
    "shape" : "34b220ea-20bc-44d5-900c-fab7fd9ce64e",
    "color" : "#B1B87F",
    "position" : {
      "x" : -5.854102,
      "y" : 0.0,
      "z" : 9.472136
    },
    "orientation" : 29
  }, {
    "shape" : "34b220ea-20bc-44d5-900c-fab7fd9ce64e",
    "color" : "#B1B87F",
    "position" : {
      "x" : 9.472136,
      "y" : -5.854102,
      "z" : 0.0
    },
    "orientation" : 51
  }, {
    "shape" : "34b220ea-20bc-44d5-900c-fab7fd9ce64e",
    "color" : "#B1B87F",
    "position" : {
      "x" : 0.0,
      "y" : 9.472136,
      "z" : 5.854102
    },
    "orientation" : 28
  }, {
    "shape" : "34b220ea-20bc-44d5-900c-fab7fd9ce64e",
    "color" : "#B1B87F",
    "position" : {
      "x" : 5.854102,
      "y" : 0.0,
      "z" : -9.472136
    },
    "orientation" : 44
  }, {
    "shape" : "34b220ea-20bc-44d5-900c-fab7fd9ce64e",
    "color" : "#B1B87F",
    "position" : {
      "x" : 9.472136,
      "y" : 5.854102,
      "z" : 0.0
    },
    "orientation" : 33
  }, {
    "shape" : "34b220ea-20bc-44d5-900c-fab7fd9ce64e",
    "color" : "#B1B87F",
    "position" : {
      "x" : -5.854102,
      "y" : 0.0,
      "z" : 9.472136
    },
    "orientation" : 23
  }, {
    "shape" : "34b220ea-20bc-44d5-900c-fab7fd9ce64e",
    "color" : "#B1B87F",
    "position" : {
      "x" : 5.854102,
      "y" : 0.0,
      "z" : -9.472136
    },
    "orientation" : 32
  }, {
    "shape" : "34b220ea-20bc-44d5-900c-fab7fd9ce64e",
    "color" : "#B1B87F",
    "position" : {
      "x" : 0.0,
      "y" : -9.472136,
      "z" : 5.854102
    },
    "orientation" : 46
  }, {
    "shape" : "34b220ea-20bc-44d5-900c-fab7fd9ce64e",
    "color" : "#B1B87F",
    "position" : {
      "x" : 0.0,
      "y" : 9.472136,
      "z" : 5.854102
    },
    "orientation" : 19
  }, {
    "shape" : "34b220ea-20bc-44d5-900c-fab7fd9ce64e",
    "color" : "#B1B87F",
    "position" : {
      "x" : 9.472136,
      "y" : -5.854102,
      "z" : 0.0
    },
    "orientation" : 48
  }, {
    "shape" : "34b220ea-20bc-44d5-900c-fab7fd9ce64e",
    "color" : "#B1B87F",
    "position" : {
      "x" : 0.0,
      "y" : -9.472136,
      "z" : -5.854102
    },
    "orientation" : 4
  }, {
    "shape" : "34b220ea-20bc-44d5-900c-fab7fd9ce64e",
    "color" : "#B1B87F",
    "position" : {
      "x" : -9.472136,
      "y" : 5.854102,
      "z" : 0.0
    },
    "orientation" : 21
  }, {
    "shape" : "34b220ea-20bc-44d5-900c-fab7fd9ce64e",
    "color" : "#B1B87F",
    "position" : {
      "x" : -9.472136,
      "y" : -5.854102,
      "z" : 0.0
    },
    "orientation" : 6
  }, {
    "shape" : "34b220ea-20bc-44d5-900c-fab7fd9ce64e",
    "color" : "#B1B87F",
    "position" : {
      "x" : 9.472136,
      "y" : 5.854102,
      "z" : 0.0
    },
    "orientation" : 30
  }, {
    "shape" : "34b220ea-20bc-44d5-900c-fab7fd9ce64e",
    "color" : "#B1B87F",
    "position" : {
      "x" : -9.472136,
      "y" : -5.854102,
      "z" : 0.0
    },
    "orientation" : 3
  }, {
    "shape" : "34b220ea-20bc-44d5-900c-fab7fd9ce64e",
    "color" : "#B1B87F",
    "position" : {
      "x" : -9.472136,
      "y" : 5.854102,
      "z" : 0.0
    },
    "orientation" : 15
  }, {
    "shape" : "34b220ea-20bc-44d5-900c-fab7fd9ce64e",
    "color" : "#B1B87F",
    "position" : {
      "x" : -9.472136,
      "y" : 5.854102,
      "z" : 0.0
    },
    "orientation" : 24
  }, {
    "shape" : "34b220ea-20bc-44d5-900c-fab7fd9ce64e",
    "color" : "#B1B87F",
    "position" : {
      "x" : 5.854102,
      "y" : 0.0,
      "z" : 9.472136
    },
    "orientation" : 50
  } ],
  "scenes" : [ ],
  "snapshots" : [ ]
}